27635	33411
23001	30878
27144	37237
22053	30700
22240	35754
28859	35602
29686	36327
27077	30777
28285	38145
25877	34186
24071	34272
23951	30664
23645	37391
24102	37592
21672	33135
23609	31103
27340	34383
29831	31214
27522	30518
23730	38104
22315	38309
21955	32559
23241	37681
26740	35377
27296	36993
27025	37852
22468	32104
22987	35654
21441	36288
23535	34361
27002	32480
21635	30588
28880	32013
28705	30369
21756	37393
26013	34106
26152	36305
28632	36982
23649	36340
28263	36416
27325	36402
27822	31015
24298	33356
28844	30587
26983	33355
24875	38140
24475	31983
21747	36007
28344	31988
29292	34917
21467	32473
25415	31273
25856	35177
25942	34623
28284	38415
28201	29956
28735	33463
21869	37774
23948	33605
27878	38891
22709	34536
25336	33055
26474	33671
26962	37046
27224	31082
28308	31081
23669	31807
27925	31942
26608	30806
26024	32505
29115	35688
26355	32698
26333	34069
26465	32639
22275	37921
29081	30160
23528	30148
22216	31611
29305	34420
24715	37637
26181	33217
23842	30154
25904	32321
28798	37547
21801	35613
26743	35288
21780	37109
25387	32484
24000	36444
28575	31496
26481	32726
22654	31275
24998	33510
25141	35216
26976	32796
27714	31895
21553	33372
27178	38793
23165	32254
22259	33292
23592	30870
21483	37685
21247	36325
21438	32075
24495	37102
27803	36128
24793	37509
27419	37585
21037	33760
22481	34328
24357	37788
24848	31410
22125	30651
25979	33418
25658	30269
24023	38509
26820	35131
22957	32886
23402	36091
25224	37064
23584	37415
23027	35740
22781	37931
29346	30765
27118	30915
24112	35742
23069	37260
23048	37971
25416	32315
23096	33329
24121	34266
21345	35304
25481	33200
21977	35537
21252	36997
22410	31859
26377	32381
22251	38217
23536	33567
28684	30296
28490	36533
25761	36359
24404	33467
26977	36274
21653	31139
26328	31814
22520	32455
24329	32513
28259	36577
25469	31406
24269	35109
26781	38322
27470	31719
27596	31091
22835	33982
29672	30162
25150	33940
24464	35487
22801	33057
27686	34364
29078	38946
21289	36347
27482	31398
25136	37799
29602	37997
21366	32614
23625	30678
23150	35900
27179	33382
23960	35628
29556	31990
24689	31721
23317	36943
28185	35608
22557	35726
23257	37027
29131	36453
23745	30809
22830	31985
27632	37833
28204	38235
23494	30784
26713	31176
28022	30554
22735	33994
25952	30845
28050	31423
28065	38497
21471	37145
21925	36006
26936	37110
29450	31079
22502	32426
27023	37594
29833	37200
24403	31163
24608	31059
26398	38912
27394	36690
21827	35881
28478	33121
22838	30976
21619	30622
23395	35618
25553	32397
24638	35802
29248	30828
25033	33809
24571	38604
21601	34192
29596	31102
22695	31982
26174	37163
28214	37710
29566	34902
21894	31595
24486	34226
29486	36713
26719	32602
23458	30807
23090	35965
24318	33287
21631	31712
29435	35996
27465	34441
29149	30151
28381	31785
28104	36575
21633	33507
25602	30059
27859	35104
28718	32835
27187	32086
22963	34714
24579	37996
29412	38071
23202	38869
25800	30161
22013	34612
28140	38405
22041	30667
28286	33966
26523	38378
24883	38522
28412	33992
23962	38128
22224	32262
23199	38758
29073	31902
21969	33636
28909	35343
28877	37492
29076	29957
25320	36432
23039	38356
28772	34050
29783	32174
25534	32308
25781	35091
25985	38231
27492	36604
24843	30199
27723	38180
27425	37150
22677	30827
25331	32905
24590	35006
23858	37572
24053	32411
23836	34754
21302	36767
23428	32479
29152	30939
23716	37640
24696	38451
28311	31392
21608	37876
24871	36933
24724	32959
22429	35414
28547	37369
24385	36996
25412	32683
22179	30080
29122	37522
28905	31413
21661	32696
23007	33730
29432	33782
22518	31891
21797	36101
27876	30687
22886	37724
23904	35582
25013	38751
27405	38194
24200	31247
25579	30638
24626	38568
22508	30633
27924	36681
25009	34490
27087	33283
22980	32582
22172	31599
22132	38162
24716	36800
29245	35901
21415	31198
22412	31021
23779	38648
26578	35786
27514	33025
25315	38849
25573	32910
27202	32830
28658	35527
25475	35976
29215	35190
23961	32014
23374	35463
24667	31320
23452	38154
23916	33466
23715	38090
23273	31053
24371	32981
28364	35747
29267	32520
22779	29947
22195	33876
27783	37569
29300	30543
26360	36028
29704	36948
22387	31597
28272	34663
25726	30242
27660	33954
23658	35708
23051	38333
21093	30431
29634	38893
23087	32850
24722	35699
24568	37208
29843	37178
27570	36494
27896	32546
21673	38185
27192	32145
27132	38119
23854	31628
26477	37739
21965	31179
23106	36198
27510	32053
25604	33020
25516	36851
24902	31295
23376	33530
27309	36476
22994	36042
27694	34251
23483	31686
25194	35329
27698	37862
29307	33757
22604	35318
25866	37326
21784	35922
22018	31956
28701	37092
23955	34804
24607	36730
23060	30327
27715	31111
21716	31710
29414	29976
25030	30255
24781	33255
21512	37620
24997	35360
27961	38811
21581	33755
24990	36949
21003	36815
23566	37523
29097	33608
21693	34275
29330	30849
26053	33952
24248	30000
29768	30906
27887	31904
24828	31635
28197	36618
23227	37439
23123	34168
28390	37776
26012	34239
28291	30368
26093	36939
27915	36592
26052	33931
24465	37898
29542	30723
29363	31984
28571	34048
29404	35002
21962	33199
26519	33819
27272	30938
29584	32278
27919	32501
28583	35677
28042	37627
29395	38929
25744	38206
26142	30950
27826	32825
23971	38216
22653	36002
21162	34769
26685	32465
24537	33046
25566	31696
24850	37176
27691	33421
28061	38776
28034	31158
24915	35391
26911	38750
24942	35150
23710	38016
23226	36880
24989	37735
27904	32521
27427	34893
24908	37692
21529	32524
21274	35454
26193	31009
27872	30880
25655	33997
28545	37846
24256	30446
29066	36513
29347	33254
27886	30986
28206	30533
21837	35361
27155	33076
28964	32353
21508	37945
26443	33845
29866	36093
27315	37828
27043	30716
27547	31032
22086	38337
25383	38074
22303	33529
24557	33301
27028	33879
27746	35300
29637	32575
23932	38445
29103	30509
21992	30336
26532	31464
26178	38423
26607	33565
21058	38238
25456	34063
24324	31943
23098	37366
21522	31566
25679	35494
26805	33041
27488	38077
22675	37277
24277	34307
21811	36243
24748	37883
21948	30262
29309	32999
24777	34502
22409	36921
24800	37360
23319	30002
23141	34828
27466	33228
29693	35282
28640	35590
27210	33451
22792	30001
26339	29943
26347	33376
28793	35352
26358	38512
23780	37380
29688	35683
28254	37501
24827	32399
26123	35435
24469	37578
27775	37198
27770	31153
28418	30770
27145	36626
27813	32162
27111	29899
23129	34101
29648	37117
25467	35056
25660	38459
27975	32804
27113	31666
27707	35583
29075	33359
28164	33959
21002	31618
26560	29917
23993	34518
22395	35259
25864	36878
21761	32206
23405	34610
25190	31897
26223	32417
23760	31341
22749	32243
26125	31759
22946	37902
21250	35172
22591	33058
23897	35867
23982	38291
25183	35034
25557	38618
25379	31568
25793	37180
21734	35822
23720	37745
26163	32749
27212	38035
28495	36994
21669	32608
26362	30911
24422	36378
24691	33242
26253	30487
25556	34417
21418	36139
21817	35382
23802	35353
29861	38219
25155	33158
29845	34694
23709	35389
24945	34466
26233	32442
22540	33941
26259	33448
21151	38358
29671	38914
22365	35273
29520	33332
28560	31083
27784	38611
23546	32113
21548	35945
24909	37795
29269	32052
28503	38417
26775	37427
27505	32186
27521	34167
24937	36265
23933	36549
22423	38517
21132	32737
28400	30247
25974	36214
28261	38561
26762	34009
23902	37357
23894	35061
26351	31911
25187	30352
27700	35815
26490	37915
21823	30771
28626	37973
26218	37416
28274	38178
25911	33079
25875	31703
27530	38858
22740	30500
28121	37239
23285	30101
25096	30850
27523	37935
29297	36187
29459	36830
26057	36547
25283	34289
22204	38116
27558	31092
25678	33030
27934	30731
28788	31763
21829	30792
23515	37838
25845	34859
21114	36877
29482	35896
25090	33893
24487	32839
23654	32679
24054	38677
29186	29972
24276	34640
27511	35725
22592	36954
24497	38076
22037	30032
24982	34901
22923	35879
28985	31117
28402	31979
27154	36011
27792	34260
25205	38579
26864	32172
25545	32943
21215	35207
26831	37818
27015	33596
29622	36449
26581	32177
28032	37588
28100	30962
21699	38410
28606	33863
26156	34927
27045	34579
25494	35849
23330	32913
24333	36078
21690	38473
24476	34128
29320	32640
24618	34162
28371	35495
21239	38797
26916	32909
23850	36116
25249	35750
24390	30951
29858	38534
22787	36163
27906	31868
24060	32474
21034	37793
25860	32118
24761	34070
23177	34154
25277	34854
21943	37420
29530	33890
26811	38910
26340	34547
22076	32453
27291	32333
21373	34657
22955	38450
22032	30992
25795	36931
29194	38692
27319	34581
28590	30178
29025	35102
27161	29954
22117	35720
29576	30128
21613	34116
24168	33489
22406	34816
26294	34052
28082	31193
24086	32809
25369	32171
22758	33315
28443	34559
21198	35633
26818	32675
27318	33250
28627	38529
26338	33738
27614	32257
26094	30751
29392	34175
25361	31827
23697	30037
29724	34509
24654	33414
21956	32248
22170	34658
29199	32723
21825	34570
28918	32140
21000	31737
25560	34911
28492	36070
26051	38439
21534	35814
21386	35918
23412	36678
29554	32263
28347	36971
25592	35604
21121	32890
26382	31624
28258	33984
27479	31813
29348	32603
24036	34377
29190	36400
29594	29968
23910	32918
28441	30039
21930	34622
25656	32166
29562	38282
28983	35632
26084	30592
22731	31170
25172	35363
28169	37148
29711	36409
26991	38456
24904	29965
22766	31330
29176	34233
22547	38663
23970	31554
24566	32396
26370	30760
25198	32829
27494	30111
21739	30952
25673	35942
25986	38546
24681	37494
24116	33336
22072	34127
24261	37901
28423	32955
23156	33585
23116	37371
23346	36974
24535	34438
26224	35426
24432	37173
26403	34058
28060	31995
24463	38754
25477	31401
28015	36530
28038	30419
27006	38425
27123	37644
23611	32070
23154	34012
28004	36466
24197	33868
27391	32419
24012	37187
25957	33621
22956	34645
21078	37291
27851	30799
24058	37574
24387	36251
21380	33361
22384	33409
24907	38888
28709	36647
29082	36237
26522	37542
28162	38957
28890	31355
23278	34788
21510	36072
26661	38499
28605	36138
29438	32510
24799	30012
29708	33164
25737	31175
26774	31219
25928	37262
24274	38340
22313	38039
24426	36357
27292	30103
28168	35046
22498	34022
21185	34298
27933	36496
27738	33682
23565	34541
21742	30550
23889	31582
29329	30738
27392	34635
23287	37333
28221	34722
28875	35145
22370	36644
29463	33643
28683	31017
21832	30438
24057	35118
25284	30602
21065	38836
26898	38572
28187	33257
28994	38556
28607	36050
27020	37405
28067	31887
24444	31884
26372	29920
29252	31040
22569	30690
22662	31028
21206	37008
24791	30522
29362	31677
29104	32766
25694	34673
27347	32082
29006	36995
28530	34674
22832	34475
25005	36875
28525	33091
29048	36068
21781	33202
25036	34707
22816	33509
25216	33948
25563	33346
24673	36895
22564	32542
28297	33126
27367	32840
23656	31256
21050	38316
25530	33932
21910	35525
23316	31893
23406	34847
21175	31074
26838	34695
24242	38246
24981	30498
21835	32661
28094	37043
27416	36105
21776	37402
28957	35408
24393	34442
27311	36521
27652	30227
29585	37991
24613	35850
22733	32022
25692	33729
22320	37473
21852	34343
21319	32146
26236	37032
22559	31096
22211	38264
29776	31172
24189	31603
22154	36423
23878	35308
22470	34499
22783	31756
24339	32604
21113	38186
22127	31575
21249	34985
26019	30246
22932	36082
29259	38953
24287	37468
29499	36532
25421	37256
27247	37952
26068	30343
21413	33174
22108	37161
21715	37078
28028	35483
22978	31202
22243	31039
28189	36428
24008	32331
25483	32395
25470	37730
29415	35280
22904	37854
23721	31861
25954	37583
22995	36905
25731	38740
26630	37512
27486	37666
27092	31055
25718	35781
25945	31459
26318	31503
25621	38817
23950	38375
28743	38481
22903	34724
25163	34740
27985	37641
24406	38832
26219	31356
27689	34371
26702	31121
25968	30627
21201	36429
21934	33947
21571	33607
26455	30626
26704	34452
27420	38335
25580	35869
29160	33487
26597	33576
21094	36027
26710	38373
22215	33260
25209	32367
24098	38342
28462	36450
28781	31303
27998	29971
24007	35661
27489	37346
29224	34004
26907	34303
22308	30552
28374	34214
23947	32870
29740	31126
25703	35761
24079	38684
22115	38200
27548	36731
26432	38831
29052	37071
23384	37923
23736	31419
23187	36434
21356	33793
23901	36141
22443	32350
25558	32562
28710	30511
21435	37557
24021	30779
27560	32092
23756	35286
24880	30475
29270	33249
25121	29967
28744	30068
28582	35592
22890	35949
26332	31372
27537	37599
28524	32423
26943	37234
27695	32477
22846	33874
26642	35009
23826	38560
22694	31199
24732	30301
27323	38412
21256	34789
21133	34409
28876	36064
21142	31925
25969	38214
26150	35225
27978	37548
26869	32743
28342	34088
29884	36399
26915	35335
21424	31251
23431	36861
22554	33976
26772	32332
22405	36321
25896	38680
26902	33979
23840	32506
27370	37650
22539	30646
25063	35544
23282	32005
26614	33375
25079	31958
25491	33504
28500	38673
29167	36294
23712	38429
27496	35229
24252	36543
26369	34103
28141	36816
22837	34212
21705	30115
26580	33454
29829	33914
26234	30272
29089	30515
22001	30898
26956	34297
25689	31743
23819	33814
26701	37687
28476	31248
21372	35074
22173	34898
22015	34267
23593	30569
28816	36044
29410	35563
23860	37761
26541	37956
29095	36495
29718	31838
25404	31525
22505	36313
24228	37960
21841	33278
28595	30406
24467	38409
23404	29927
24705	34604
21014	32055
22157	32718
26722	32410
22588	38612
25423	31104
27855	34564
21027	31000
29837	37389
29001	36040
27230	31159
26755	34546
25891	38761
21407	37874
29655	37900
29126	32407
27475	33406
22730	30582
21488	33344
24165	38225
21995	35658
29577	30143
26393	37491
22180	37835
21968	37967
29101	31714
25688	31881
23976	36351
22577	34478
29516	37643
27245	38728
27898	35716
27030	30134
22225	31631
21414	33268
25713	36041
27207	35746
25282	33122
29532	34585
22600	36602
25913	36980
24623	34386
22861	37063
24440	38350
29484	33285
27597	31892
27448	31548
24024	30718
23142	30841
29869	37615
21234	34802
28097	35430
23267	31402
23260	30316
26687	36502
28449	34270
24089	31621
26644	34190
22009	38798
27076	33006
29794	38176
21723	37074
27565	34803
28072	31753
21923	32019
28312	35973
27865	38915
27074	33119
28519	36349
27433	31797
26542	33165
28486	30606
26015	32914
22242	34867
28769	38327
29236	34726
25376	32012
29507	31154
24407	34900
22565	30971
29559	31998
25633	33338
27406	31674
21636	38361
25638	38654
29873	35049
27342	36698
22543	33288
24583	35291
23268	36503
29314	31653
29210	33399
26344	38015
28293	35743
25704	30310
25428	35192
25878	32490
25396	34157
24322	30444
26144	35079
25810	36339
24450	32165
23636	30329
23443	38645
26054	33031
26069	35957
27810	32440
22327	37098
29667	33358
24661	32355
25095	30451
27528	36760
28643	35883
23683	30335
26711	34213
28078	33630
27128	33513
27745	37214
22160	33047
26221	35890
29327	31148
24075	34940
21382	33462
24082	36342
21607	37475
24117	35031
26903	35023
25392	38455
25258	34362
21196	29999
23419	31107
22112	35724
23182	30065
22152	31825
29610	36550
21764	30830
29010	34975
26165	35234
23065	38850
27564	34099
26526	35966
28155	31773
27078	33694
29841	38065
21844	37544
29748	33684
29142	33584
23459	32059
26880	33144
21726	32195
23734	35476
26912	34228
27716	30174
28620	36806
21377	34762
21470	35730
27290	32048
27086	35769
29204	32035
26693	34747
23214	29936
26172	32811
23432	35711
29141	33864
21072	38399
21509	32454
27757	30091
23105	38391
23552	37872
24002	37251
26036	36150
23701	34295
25918	32089
29796	38916
28382	34873
21053	38130
26278	33405
26100	33410
25568	34372
23617	33004
21056	34227
23409	36999
29046	37742
26265	37999
27875	33706
28346	38213
21344	30679
23230	34079
26034	34739
23180	37399
28641	33980
26329	34592
28063	37352
28648	32794
22189	31124
28331	30895
25159	31458
27713	30713
22436	34003
23245	32716
21482	36236
23398	33128
25729	34561
27937	35351
23820	36720
29561	32843
23055	33744
25536	38323
26367	31764
28787	33806
29543	30044
28150	34929
28456	34583
27807	32015
21439	36030
25997	38408
27170	31551
23490	33923
22535	35065
25506	36863
29287	30615
23634	33147
28146	30014
27232	37094
24822	33778
24536	38440
28681	32708
29359	38110
28240	38799
26623	31448
24819	34447
22764	33238
24358	35536
24179	31734
27786	38157
26067	33269
27389	38275
27890	30548
25454	38243
26791	32190
22139	34937
28193	31945
26669	33800
25362	32003
23380	31706
28262	30882
23633	35570
27186	32281
21591	32888
21475	32139
24604	31574
26023	32449
21082	34196
29797	37362
28955	31129
27739	32619
22264	34056
21447	32970
27233	35756
26062	38079
23667	32673
29209	34159
22027	35323
25488	32877
26766	30474
22257	34013
21032	31241
26043	32033
24826	37823
22098	36144
25326	31690
22466	37086
27779	36225
23915	31809
24745	36679
24934	34017
22193	33511
24146	34434
29139	37816
28753	31024
26675	33911
22061	35350
29749	37778
28532	36701
22802	38487
25555	30473
21704	34751
29256	36871
24016	34813
29317	36938
23125	32081
28747	38479
23558	32301
27399	38314
26602	34573
21916	31116
28241	35076
26658	30424
27355	37928
24588	34353
28267	33825
27643	30884
22175	38478
28336	38196
24947	30666
22177	34454
23680	35667
25981	31914
24675	37515
25001	33239
24143	32695
23336	31732
21010	31837
23461	37646
27012	33173
22692	35839
23660	30308
29717	30250
28239	31728
29130	37753
22611	38169
28688	33205
21789	33613
23530	33087
27366	33296
29536	30618
21728	33085
25612	31147
26721	36240
28179	34942
26858	33397
26832	35331
27241	30340
21585	33575
23052	38051
25490	37354
29581	34588
25973	34580
23074	35188
24302	38428
22892	36625
24127	31535
23115	33134
24670	32755
28873	32057
29735	33677
27840	37493
24546	31054
21696	30051
25630	33663
21012	35324
23521	33938
25281	38785
29489	35528
29552	36447
29493	37219
27103	35479
25625	30706
29018	36356
28895	38636
26896	33302
22265	38741
29729	37151
24019	35648
29680	36572
27426	37171
22404	31432
21430	34913
29731	32550
28818	32925
23201	37343
24855	38860
22537	37395
27248	36026
24306	35978
28672	34763
27946	36053
29261	34041
28646	31590
27654	37880
25764	38050
23978	36639
24885	36031
24744	36345
24498	36763
23808	38066
23388	31576
24032	38438
26779	34368
28991	34800
22889	31550
22756	36772
21164	35951
23911	34043
28790	38403
25127	37057
21896	38531
26287	31886
26007	30085
26035	31494
24303	31046
22513	37824
22442	36748
22060	31769
24048	32384
28303	32077
24803	36557
26269	31045
25635	32322
21913	37955
24576	33880
21683	32752
29462	31853
23500	37238
25639	30383
22220	38518
29166	37368
24187	31849
28652	30294
28685	33366
29233	36323
25888	32347
23370	33773
28415	32977
25780	38722
23602	31691
23440	37719
21080	34979
26496	34746
27619	33528
27024	37562
27415	37406
23689	31762
27722	36654
23186	36518
24829	38587
21322	31873
25540	37553
24957	34299
24861	34690
28544	35256
28200	38063
24767	34038
26437	32684
25882	38109
26301	35721
26783	36853
27552	35672
21996	34145
26466	30940
23148	33597
22897	32820
23510	32671
24929	34831
28119	30482
21748	31605
26833	35933
29618	32226
28463	32464
26648	31048
23019	34051
24954	36750
24315	30979
29492	30135
21990	37712
28493	38269
26134	38539
21213	35513
25298	38660
27376	30196
26030	35526
28961	38406
25450	30549
29214	34594
27989	32707
24723	31877
23044	34577
21039	35306
25889	32751
26636	37822
25758	31457
21111	38865
29216	32153
22541	36975
21411	31250
25955	37654
28383	32873
28482	38617
21912	36420
26095	34936
28799	30927
24185	34863
27262	37070
27276	36310
25514	30920
24224	34464
22295	32963
24193	32801
23890	37068
21623	37294
24949	37675
23196	31772
24610	30137
27129	36269
29593	34026
21886	30890
25940	34939
27439	32111
27573	33098
24281	38048
23303	31044
25324	34755
21139	32450
29185	31115
26756	34433
26972	38255
25062	36301
27314	36719
27046	34540
21868	30443
25956	37169
28070	34406
22636	36318
22080	36522
24235	38357
22352	33921
21914	34910
26285	32342
22615	35634
22340	38702
28552	30688
29055	36940
23446	31263
26620	31630
25403	36804
29670	30514
22602	31299
24774	36421
27283	30095
27963	38492
21828	35321
25701	37488
22736	31917
24992	34113
21299	37677
21081	36907
25500	35007
28927	37531
26677	35310
22260	36603
22673	36914
22147	34006
25301	38117
28356	37248
26357	34284
29591	30789
23394	36599
22868	37131
23917	31967
28828	33123
29255	33455
21031	38283
21445	33049
24217	37896
27124	36174
23131	31848
21127	30785
23092	37783
29725	30166
26364	35094
29571	34138
25245	33827
21530	37969
27085	33815
26204	36179
22318	33734
21907	36687
22299	31609
26955	35801
29151	31031
22256	33062
27121	34997
25661	32929
29568	34224
26575	31850
22155	33003
28936	34504
29263	38326
26248	30236
28124	38600
23514	34729
23323	36087
21427	37657
28579	38925
21769	37700
22456	33036
23762	32946
25099	32776
24326	35136
27498	36823
27957	31134
26852	30054
29418	38711
28858	31133
29510	34067
24762	35584
25125	32193
24446	35055
23608	36752
28469	33428
28471	34389
29116	37370
22638	31470
21697	37985
25232	35125
27827	34641
22474	31101
25333	36660
22839	31856
28219	31538
27990	34553
25666	32134
24879	37625
28884	37579
28540	29983
28333	35998
29883	30106
25226	31934
24525	38859
22146	35693
24872	33870
27546	35943
27949	36228
24319	30181
24737	35030
24154	31537
28581	30872
28854	38296
23582	36850
26168	29892
21752	35638
28048	32187
21859	34597
23828	33400
23694	30251
22542	33975
22235	30404
28567	37596
25108	30603
23516	38749
22938	38148
21403	31461
29466	36205
27923	35573
28549	38564
23800	31740
28597	30796
25299	30480
27805	30516
29455	36765
24325	35783
27057	30026
29007	32580
23437	38767
28594	37056
25657	31069
27457	38883
23253	32739
26633	34393
28405	32734
27717	37213
26596	35394
25191	30855
23693	32161
24853	31725
28377	34230
28770	36336
29408	32937
25610	34315
21642	30576
22659	32011
21474	36166
29074	35043
24873	32573
25429	30409
28305	29918
28887	38666
21092	32633
26115	31304
25480	33709
28505	36320
25359	30104
24488	36085
28894	37127
25695	30321
24950	35218
27348	32624
25414	32629
21897	31068
28190	29961
25707	37394
26440	32665
28625	35701
24225	38843
22683	36655
23872	34960
24726	33176
24502	36491
27701	36441
25076	35050
21417	38523
28618	31335
21492	34310
29793	32717
28782	38658
23373	33298
27377	31928
25015	37746
23927	34524
26951	38384
23251	34549
29031	31660
24195	33598
22033	36663
28771	35028
24363	38468
21144	31910
29310	30270
28091	30766
26566	35062
24311	35662
25948	36299
21933	35674
21813	37525
23005	30536
23295	37107
23508	32108
23073	35574
26085	38535
21903	31073
23216	38667
21044	33391
27830	30019
29871	37972
23441	36216
25374	31497
21794	30883
25622	31664
22948	37511
25399	30961
25262	30300
27417	33153
22068	36897
28246	32173
22190	36389
23824	34488
29064	35709
21872	36612
27451	30538
25909	34865
22661	37750
28355	38698
25732	38069
25699	35950
23264	32144
25502	36309
25478	36003
27815	35375
25426	30696
21834	38543
21077	32541
24136	32024
27456	34624
29805	33271
21122	33828
24436	38935
21632	33438
22379	38195
26380	36821
23988	33609
23284	30985
22341	36799
27333	32310
29604	36776
22252	34169
21959	33833
23451	35979
28289	34146
21030	29944
26569	30253
28523	32169
22109	36260
27440	34085
29676	33690
26574	32544
26937	33795
21877	34445
26736	34238
24238	38112
27403	30401
26874	32538
28156	36786
29223	31237
21324	32700
25473	38097
25676	37518
25637	30591
23318	33723
27692	32725
27051	38674
28865	31639
26954	34654
29399	30397
21738	30764
24641	37293
28414	35687
25077	31899
26747	30556
27269	32634
27719	34232
25905	37889
23945	37729
25803	33572
24396	32650
22610	31233
27789	30534
23436	34704
27672	34139
23102	34282
23768	35284
27191	34450
28192	32046
23980	38646
29819	32635
22720	35376
26510	31080
22597	37099
24163	34356
27568	31294
24682	37116
25561	32593
23662	37507
29553	34188
23474	35233
27120	32951
25850	36882
29822	32601
25967	30450
25427	31130
24294	35984
28217	36581
29865	36114
23996	34528
26533	34736
26359	34330
27390	33345
28843	31992
22129	30656
25069	30968
26243	36536
26662	32076
26427	31297
26613	37619
26815	34514
29739	31870
28954	37307
22975	31528
23774	34104
28470	30299
22148	30929
26206	36489
26232	36615
27464	34046
23502	32152
21248	31245
25723	37081
27922	37162
24999	37782
27885	32286
28230	34221
23941	35107
25976	32883
23553	37536
21204	37010
24332	36130
26074	32859
26674	31936
25219	38650
23036	37903
22120	30900
21205	30965
28422	37080
28275	35874
29353	36036
27581	33702
21976	34952
21401	33075
26098	35437
27099	34205
25933	37255
22283	38898
24365	36374
25504	37167
22457	34384
24810	35656
27167	35428
26392	35359
29383	35637
24778	34840
29451	31964
21884	38319
27571	38442
23766	37047
23729	37126
29524	32585
22829	34678
27680	36567
26371	37121
21357	33095
24305	35518
28723	30953
24049	31242
26394	33373
28453	32570
27625	38739
21765	31488
29614	31436
22516	35763
29181	35443
25668	36775
27270	35738
26422	35864
29366	33785
29525	36963
25308	37561
28084	36397
23297	33842
22567	36887
25260	38338
23531	36046
27343	31370
26632	36859
24852	37300
27163	38133
28096	38420
22306	34851
25805	37635
27894	34750
22509	34326
25027	35884
24988	37480
28857	34869
21924	36683
24841	35872
23913	30183
25107	32901
22488	32646
21190	35903
26929	32444
27305	37836
22519	35098
27094	31160
28629	32865
22639	35438
21663	31994
22377	38820
21831	30348
24113	35194
25325	34530
27110	36562
26877	38726
27576	32531
21680	37663
25355	31500
25757	34405
22621	36960
23868	38838
24109	30354
21973	36745
25804	31037
26959	34560
28041	38598
24578	32552
22357	32276
27119	33007
22840	33195
23923	30674
22696	33817
25353	38070
28945	32960
27781	33279
23781	33434
25841	30394
25537	38365
22464	36795
28977	31061
28804	37886
28430	31720
24952	30617
22825	35205
22942	33960
26073	37289
26515	31405
29060	30289
26264	31973
22392	33161
25203	37926
24599	35940
24510	35333
21605	35156
28726	33318
29630	35253
29758	34204
29425	31476
26562	32729
25195	33837
21694	30292
27467	36039
25569	34994
29737	36221
21461	33748
27516	33272
27634	31588
21398	32389
26928	30388
21173	31784
26000	33794
29746	37422
21986	37195
26241	35646
21593	31042
22333	36913
27776	35650
25919	30704
23985	34721
27986	35908
25279	30864
27436	36332
22450	35927
27860	32481
28621	32079
28340	31220
24290	30105
28558	34976
24160	33619
22484	33779
21804	35010
28868	32942
22234	35346
24511	36131
25068	35015
21911	32189
28052	34262
29480	35496
23939	32856
24700	34519
23104	30481
25419	33894
29681	37311
27768	36837
26122	35564
25225	32612
22472	31011
22339	30100
24772	30206
28191	32527
23364	33897
25931	35003
22765	31749
22263	34525
26459	34325
24044	37336
26272	37061
22848	31284
22047	33340
27908	32126
27622	35565
24764	36899
21440	35974
23173	36018
25176	35779
27974	34959
28393	37533
26109	32219
23263	36686
26561	30195
23744	36195
24184	38530
29461	35423
23616	37629
28479	32987
26044	35813
24367	33430
26948	36951
27868	31145
24951	36666
23041	31894
26683	32681
24241	30081
26089	32964
21833	35227
26482	34117
26750	31345
26186	33266
27401	31471
29123	30520
28564	38037
24958	34135
27879	33210
27658	34455
27474	31698
23030	32660
26739	36013
27518	32436
24773	30210
27478	32279
22486	36106
23883	36405
28064	32807
24100	33311
29792	38744
27640	33331
28978	34685
29539	30575
24345	36381
24573	30691
25596	31371
24966	37335
21555	38135
25897	31840
23455	30017
29514	37759
28450	34601
21476	30042
27662	33159
24120	33470
21098	30150
26697	37566
26855	36774
22967	38227
25735	37423
25175	31469
29842	35652
21244	33184
25711	33461
29505	38853
24030	31504
27678	33010
23929	37165
21707	36057
22479	31723
27173	31178
24388	37580
26726	31860
21189	34991
29428	32958
27820	34035
28131	31584
21595	37209
21888	38267
26200	32138
25499	31003
26425	33603
27190	34697
22776	34440
21320	38944
23573	35593
24266	37521
27582	38887
21701	37340
22010	30517
22454	30229
28320	34411
23124	33645
22145	34363
21952	33711
26212	34983
26564	31841
25815	34827
22933	30332
28489	37678
27696	31685
26076	34010
27801	29935
28158	35314
28614	31876
26159	36635
22475	31591
22312	37205
25966	32774
25910	34115
21371	33307
29880	35399
28861	36285
22319	32036
29579	37448
26649	30307
21700	37747
25144	38644
27529	36956
26492	36642
26017	36461
21270	33112
22882	31449
29879	34660
28526	36478
26857	31383
29364	37147
24903	38106
29124	33697
28886	33277
28257	30213
26164	35151
24382	31161
24493	30418
29497	38302
27950	37196
21360	34001
26733	37741
21944	34302
27075	35078
27016	37564
24501	36906
21202	36944
23487	38418
24911	36641
23040	38136
27134	32756
21391	31422
21542	37104
29632	30780
26041	33660
29401	38261
29474	33402
24364	38607
21406	32641
21112	35702
21892	37202
25112	30508
22671	36051
25313	37834
23893	31177
26942	38631
22159	38501
24643	33564
28323	35084
24753	31445
24856	31673
23507	32935
21536	30021
22922	36322
23448	34984
24544	30530
27932	30049
25842	34183
29091	35441
29026	32063
23778	31390
23699	37718
21292	30078
24642	30319
26698	30180
21997	38504
23675	38476
23738	32911
25100	31412
25645	32973
27238	32785
26803	37530
22833	34318
24299	31310
22396	33725
23357	33895
25775	30356
28437	37496
22279	36410
29325	36331
25671	35412
28444	32359
27280	30202
27798	35620
25340	34129
29886	36801
27610	32764
26799	33498
25164	36023
26918	30377
26944	31385
22165	30801
21771	31187
21008	35384
28487	35863
26582	36893
21046	38494
25321	31641
26971	35655
25669	30741
23236	31135
27042	38540
22729	33024
22022	35791
21863	33832
29816	34474
26430	32851
29000	38188
25616	34998
23117	35439
27279	37621
22181	34680
23004	34059
23485	38049
25783	30407
24980	33554
23147	35278
23595	34486
25571	35424
26446	32102
26720	35819
23954	37554
26692	38280
23935	33378
23903	33505
28319	30146
26194	29928
21463	30820
21496	38055
28784	36961
24983	34360
28785	31642
26004	30185
21622	30435
24202	35928
23925	31655
24775	35162
22823	36537
21313	35159
27535	30023
21772	31397
25598	30945
26042	38708
26381	31085
24901	34182
21009	38470
24470	32519
25347	33978
24309	30058
23556	32125
24398	30802
26969	31596
29844	38006
28209	31782
27082	36734
21853	31569
22629	30359
22338	30048
25550	38082
28421	31820
23371	30681
22515	32039
29299	35402
25049	35829
22642	31969
21300	38716
23471	36998
22750	32157
26421	35594
24246	36373
25459	36457
25624	31206
28389	37229
27431	32663
25728	34068
22171	32091
27282	38875
28914	35902
29476	38424
29077	34054
26717	35753
21193	30803
28874	33710
26723	36395
23751	33967
24145	31236
24930	34593
29851	37897
24612	31146
23984	34292
27688	37749
27816	29922
26213	35889
28941	36864
24369	34886
21982	38482
26624	32625
24222	34876
21354	36250
29809	31197
29367	35307
25292	32083
22183	35425
24886	32971
25649	35180
25035	36608
25564	34896
21275	32129
29434	37224
22064	37331
23612	34053
27577	35080
25018	38789
24922	33404
29037	29955
22734	38867
23908	36768
26376	30373
23742	38662
29345	36424
28431	34258
26724	33196
23107	33542
29400	32968
26104	35183
21612	33043
22336	32124
26643	38762
27225	36180
24701	35390
22912	31754
21702	35262
25349	35242
27705	34102
28497	37864
22732	31976
28211	32759
22051	30062
23171	32731
24423	36008
26208	34476
29601	31573
26506	36661
28049	33485
25939	34933
25581	37050
27824	35371
23704	31253
25958	34582
27223	36528
22071	32191
23269	36619
25208	31354
25677	31210
28780	37184
24987	35122
21269	36204
29513	37192
22971	38508
26291	32445
27341	30923
28997	38108
26694	38781
27159	32489
23175	36520
27321	34308
23037	31816
24816	33614
21104	37887
28754	32184
25215	32160
25501	34744
27446	32208
21338	34563
23429	31472
28365	34646
28045	31066
27490	38593
26872	37320
28699	35029
24009	37910
22941	32868
23846	38292
26557	35027
29069	34558
24106	31421
26965	37772
25237	34951
28135	37885
28617	32492
23479	38001
28952	35467
26209	33444
26656	36298
23275	32899
22947	34252
23641	38031
27983	35255
26405	31084
21628	36761
21736	31885
26985	30293
25200	32009
23511	38165
27642	36708
29523	37537
29028	38725
29666	33617
28599	32617
26014	34617
28252	37211
21153	38437
21847	35035
22187	36377
25004	29996
21945	34376
29613	36616
27381	36525
26107	36168
24169	30648
28805	31766
22996	35214
25098	33789
28659	35011
24955	32741
22951	33225
29791	35461
24170	30110
22907	36638
21558	36738
21316	30671
26037	31801
23512	31329
29606	32720
23905	37576
29811	32400
28869	36764
28269	30762
29759	35366
21339	31264
21491	37082
26324	32143
27164	34907
29295	33699
25806	37382
25393	33133
25465	34457
24605	32316
21528	34689
24717	29988
25437	32871
29624	29910
27793	35605
21048	37095
22408	36015
24211	34538
24550	30285
24373	31306
28759	35493
25751	38080
27330	35925
26128	32993
22664	36723
28516	31752
22391	35264
23973	37679
27004	35937
21450	33659
22274	30875
28301	37905
27430	32508
22918	36584
25411	31173
25880	37118
25570	34818
22663	33274
26366	33871
23994	37634
22856	32452
27284	35247
25631	36866
25028	38571
21208	35252
29690	34999
25733	37154
24420	33154
23975	36452
23061	35458
29456	37584
29217	32590
25199	33996
27938	32289
25246	35707
27063	37807
23324	37558
25285	38576
26790	37856
22777	32947
23467	36022
26275	35785
26654	33107
23486	34551
22083	38878
22690	38021
22630	35657
21842	29975
26147	35668
29835	38873
29780	32231
26850	36621
28801	36272
29070	36471
21187	37339
21967	30521
27356	31437
25086	38191
25963	35710
24817	30580
26108	35261
23460	37526
28343	31718
26646	33403
29365	32302
29234	38823
23653	31579
26179	36062
26900	34556
22836	31688
23310	36248
21075	30662
21199	38787
24119	38444
26897	33824
21713	35097
28332	36065
23059	38201
21879	38939
22578	35861
27991	33625
24203	33999
24130	37257
23300	36058
25363	31583
25323	32062
23671	33236
23484	34125
25811	35691
21674	33162
29820	33546
27760	31112
27669	36223
21985	37801
25609	34211
24811	34683
21484	31578
27728	36833
29766	37595
24627	33791
26957	33535
25873	38661
24351	32266
27843	36984
22521	38413
29044	36385
26598	33835
24914	32844
21346	38778
21737	30469
27508	34187
24375	32412
29669	32017
29619	35238
21278	32133
29155	35684
26927	35669
27559	33917
28195	34879
29023	34643
23326	33117
21983	38010
27586	36231
21335	34250
24191	33718
22496	36689
28995	31186
25577	38901
26038	34531
21258	32824
28745	34637
22517	32863
27316	36092
28990	35953
21708	36874
28986	30193
24505	30995
24144	37429
27038	34572
23642	30778
21433	36883
25280	38172
24931	37016
22970	35404
25938	34629
24072	35434
22820	32207
28232	34338
24860	34733
27618	37860
25486	35812
21318	38381
23737	31189
28310	35326
24784	38554
22301	38842
22798	38023
23731	36287
23224	32391
22369	31491
24429	31433
27402	35924
25839	38812
29087	38139
21452	31022
21712	31828
27892	34480
24126	31109
29188	34775
26641	33963
29229	37821
28433	37804
26588	31228
28889	37025
21260	32869
29390	34281
22693	30460
27236	31239
21423	38293
26839	35556
24644	35254
23377	30572
27551	35032
24349	33140
22023	38927
21518	32555
25316	34435
23681	33371
27907	32644
22162	33363
28935	32232
26336	31262
25213	32016
28047	34322
29804	35226
24091	34666
26436	34801
26500	31466
29027	30484
22841	37258
23491	36255
22267	31142
24183	38187
26088	31208
25145	36979
25254	33639
21446	37066
27711	30379
25463	38788
26245	30831
22746	34650
28151	34248
21564	37232
21362	37703
29313	35024
24443	31010
21005	38469
24933	37084
29504	29923
25977	35653
24438	32529
28174	33033
28662	33026
27165	36112
22200	37863
28451	32921
24442	34603
24437	33654
22748	31944
21221	35793
24190	34667
29567	35045
23034	35322
22893	32727
28122	35645
29260	38193
27297	34290
27055	38807
21568	31733
26590	31518
23859	34826
25174	35241
22213	36598
21710	32041
26447	36898
29645	29949
26715	37549
25025	38131
23940	34598
29651	36869
21434	32188
22277	30793
27062	31403
26600	32944
25496	32176
27180	37918
23851	33533
28696	30772
29265	38251
27756	37651
25943	33577
28018	32768
22441	38695
26754	31602
23423	37235
26645	36312
24078	38586
21686	38872
27943	34348
29015	33866
27041	33512
27320	32393
22705	35529
23084	30873
24209	34619
26725	35736
28112	30513
21453	34216
26821	33972
21546	35642
21477	32797
24632	36841
26273	37556
26904	36493
25522	32854
29003	30579
28373	31684
21691	38163
22924	30613
22774	34014
27913	37763
22437	36025
23375	34078
21158	30996
29849	34317
25734	30461
23959	32691
23167	38846
21395	38829
22207	38500
29703	32097
27867	37469
27895	32692
24243	33740
25227	35615
23757	36950
28184	30732
28432	33015
24769	35211
24674	37924
27736	38952
26895	29992
21767	36338
22247	30669
26933	35971
28657	36206
28506	35816
24397	36918
28795	32068
25240	38594
22021	33765
26135	36605
28357	33357
25654	35315
29284	38516
25548	34725
23367	33823
21351	31607
22755	34132
26782	37105
25434	32864
26844	36860
26554	30896
26994	35202
22062	33731
23025	37164
28512	38310
28114	32049
23754	38475
22979	36104
26668	35344
21854	34782
26409	37190
28385	33571
27765	36583
27268	36371
27444	31183
22291	33116
23805	37418
25368	37713
23896	37477
25844	38816
24694	31078
21875	37060
27084	38100
28161	30182
24794	33606
24103	37754
24138	36531
21296	33324
28349	36017
21001	36213
28666	33884
23601	33392
25794	31362
21743	37044
22723	30507
24637	38766
27519	34950
29291	35531
26982	33339
28380	35432
29005	33777
27107	32346
27871	30165
23031	38704
28531	35436
28967	34965
23342	35309
29741	34180
27102	36648
24231	35846
23677	31625
