29180	33148
28951	30358
21731	36794
21943	38166
27357	38199
26299	31587
24377	35906
27787	36969
22021	31888
26876	35008
29050	33824
23685	38948
27894	38041
21143	35439
23206	37436
21091	30369
23344	32838
21726	32565
24404	38937
27948	35936
22541	32187
29252	31143
24280	31075
21990	38287
22733	32132
28199	32223
24876	34198
24227	35922
24144	35272
24222	35496
29629	30926
22259	30901
29753	32473
23707	31100
27794	38553
25358	37724
23171	39288
24103	38343
25689	38338
27175	38389
30018	32767
22560	39217
28727	38776
28700	36217
25797	35277
28572	32845
27838	37324
29671	33284
25742	36452
22151	31551
23417	33881
23566	30488
23919	39144
21482	34133
21766	36139
22045	31850
29621	31417
23471	34514
29490	31930
22402	35699
22909	32179
21512	32725
24549	32429
23950	34185
29525	38431
29412	36805
25033	34332
29314	33690
29966	32814
26724	33771
26985	37928
21545	36708
24336	35927
27898	33782
21602	32351
22914	37259
24348	36889
28458	37118
28148	34182
25413	38221
26924	32624
25302	34888
23606	39294
21202	31058
29702	32459
26450	35811
29323	38062
21320	31822
29191	30360
28340	32479
23799	37707
29308	35817
28348	33104
26892	38806
29832	39196
22307	33651
25659	30446
27925	32265
26275	31314
22474	37922
28826	34615
26341	38895
27251	38759
26485	36247
26970	33973
30256	35601
26198	30512
24716	38978
21243	34789
23252	31241
22387	33756
30006	38275
24337	36785
27375	34817
23658	35170
29802	35509
22616	37940
28455	34561
21242	30714
29271	34890
24948	32292
29971	38264
24802	32868
26385	37601
23147	36125
23363	33161
26813	33572
28605	31059
26695	32229
26145	31597
25067	34719
24918	33053
28361	38762
27516	39505
28050	33221
29467	37478
25357	37536
22916	38656
26929	34367
27220	36955
26333	30525
29196	33949
25559	35434
22768	34081
24089	35413
27776	36672
21797	31465
21727	36332
29680	37431
23015	34851
22811	34652
24642	34919
27936	31395
24279	35433
25483	34362
29072	31019
27978	38097
23438	35052
24688	38789
27703	38330
22169	38001
25965	38381
29322	34236
25901	37382
27680	35265
24519	32348
29084	31320
21739	32819
28900	33882
27048	33211
29942	38886
21952	33847
28172	33371
22647	39072
26838	32125
28787	33787
23737	31928
24281	33530
22116	32447
26217	38982
25191	39029
21706	32346
23436	32133
27863	37097
27406	34505
21820	30937
21071	34403
23842	38548
27302	33550
23213	37555
27313	34152
24781	38351
24461	34250
26316	38843
28952	31579
27884	34455
23744	35690
23951	38741
21674	37736
23327	34041
24168	31024
26909	37044
26943	30625
24657	39367
21472	35284
22401	30870
25795	35175
27967	33075
23386	38226
25728	36107
27055	34438
28796	32489
23178	32460
26138	33301
29187	37794
25457	35493
24109	37255
21606	34366
25850	30935
28921	38778
23006	37096
26637	38971
25785	33367
29129	36435
28979	31498
23097	37188
22289	34450
28236	35323
21112	35200
24208	34808
22252	34769
22960	32738
27584	33604
25985	39154
28040	39351
28791	34149
27496	36088
24617	31670
23109	38628
23251	33772
24321	35653
21372	34698
27249	35020
23544	37380
26760	32727
21128	33946
26735	31220
21763	35522
29000	37159
25946	34859
22749	33999
29732	37782
26617	39230
25445	34804
29587	32849
27137	34711
22817	37452
23558	33285
23594	32042
24561	39151
27732	35737
25205	34281
27742	31011
29807	39247
22340	37417
28086	35472
21418	38124
25339	39139
22254	30330
21735	32207
29782	34086
29880	32575
26986	30452
22538	36628
23879	34610
25446	30427
22459	35867
26499	32990
22862	36122
21483	33620
23589	33229
26939	39457
29156	32036
22006	34960
22503	32228
21854	33970
23036	39120
27037	36799
27959	33337
22393	32100
28778	35131
26604	30400
30100	33637
22568	34592
22900	35107
22679	33568
28777	36623
25160	37411
30212	32705
25958	34130
29734	35435
22450	37759
29206	35432
28634	38974
28034	34573
27289	31249
26802	35197
22115	38367
28303	38662
24503	33938
29934	34820
24915	31745
25954	32661
23668	33255
24507	32273
26834	31322
22676	34233
24865	32684
29786	31462
22677	39092
28237	30816
23689	30856
23476	32574
28159	35154
25607	39049
23078	35224
21431	39376
21234	35760
27878	38633
28147	35697
23727	38973
28914	34092
28179	36215
24150	39494
24487	35316
29881	35657
29266	31790
23224	37990
23627	35396
28958	30950
22696	30738
22592	33848
23328	36339
22277	34506
25080	35336
26479	33261
28463	36865
22563	34017
25738	35051
28337	30582
22324	31744
30125	38859
26549	36977
24501	31916
29588	31844
21612	32989
27695	34911
28007	37323
22276	31831
30060	37114
28906	38279
23827	35623
25768	39291
23643	32310
25060	35579
29972	30448
21105	38092
24639	35649
25623	30745
26521	37472
27145	31544
27814	38413
23541	37164
28539	31867
21682	39469
26418	34463
29700	31639
25011	37516
30069	35068
28240	35056
21506	30680
22799	33346
29701	33768
28036	32668
24505	39039
22186	35139
22588	33130
29973	37762
21074	36254
28043	33868
24713	33031
25052	33273
25153	37312
22265	37291
24725	36647
29718	34373
21528	30892
22071	37492
21594	31750
23320	32514
26875	36029
26935	35667
26736	31944
25057	30769
22502	37733
22166	32750
27916	36102
25859	34056
29501	34963
25299	35582
24680	37455
24624	31679
22837	31747
29225	33746
28446	37799
28522	37464
21061	34314
24367	38474
22301	31083
25780	35189
26660	34894
29751	35668
21934	38148
25520	35586
29793	35821
22951	34757
23000	31885
21164	34609
26147	30332
22903	34425
21754	37008
25934	33833
29643	33472
22876	34825
23170	37257
29804	34217
27990	31428
26049	32601
26713	38265
26652	31943
23196	39006
29738	35176
24392	33000
22379	31913
29756	38514
30277	35710
30048	32047
23371	30740
28313	33275
23690	38259
23665	30832
23064	32180
27917	31476
26546	38323
28671	33253
28335	33898
26808	37273
24589	31213
26903	31890
23099	32774
28245	39580
21938	38622
22380	31770
21807	38257
24775	33907
27719	37907
21078	34409
23499	34464
24625	34241
28257	31332
28485	38960
27963	35046
29976	37091
21808	31695
27146	34979
24847	36481
25818	37590
26576	32551
29207	33843
21410	36758
21057	31561
23650	30429
27610	32942
22578	31598
21126	30675
26303	37221
26373	31861
29850	38584
23609	35143
22247	33767
22453	31355
22632	35309
22479	32771
25604	35875
23520	36246
23557	34082
27210	33625
29653	37142
29104	37343
22375	32270
22515	36500
27451	37238
25977	38679
28704	32618
23622	37484
27230	37104
24299	38913
23304	37800
25953	38609
23401	39057
24436	32347
24145	34564
25979	38532
27587	39306
23602	34642
26283	30857
29373	32924
25296	31993
25412	31982
27347	33846
30083	39099
28300	32648
24192	32095
23675	31956
26778	32667
26702	35087
22956	31271
28641	39592
23018	31525
26020	31520
27795	35763
27737	33364
29542	31352
30280	35234
26263	37434
28774	32146
26535	31766
23897	38563
24142	31388
24613	39212
27211	33739
29952	31281
22226	32780
23158	38996
21702	36880
25685	32391
29904	38612
21246	34309
22686	36847
24277	39359
26050	35267
27074	39382
21803	38240
25878	37895
21832	34123
25815	36367
21094	32317
25873	32889
24583	32231
21591	34026
25956	35994
23752	32568
22290	32776
24000	33108
23582	32769
28503	32421
23813	35789
24494	35249
27221	33879
24190	38465
28933	30445
22475	39122
26433	32998
29741	34142
26842	35982
21946	35549
26021	38871
21824	32872
30087	31896
25583	34552
21277	31278
21172	34980
23080	35245
26582	39413
24652	35276
23942	37109
21191	31351
21888	38747
23682	35424
26599	35140
23149	35884
22015	30704
28516	36151
27583	32406
28399	31133
25074	30534
29749	35002
26671	36137
27096	30698
22795	33421
23355	34471
24309	37405
25006	38383
30116	32153
25407	34238
23957	31642
29594	39134
23336	38685
22866	36952
21693	36086
30198	31051
28819	38217
29882	38025
23492	30649
30167	39321
27186	31400
23188	36176
26175	36351
24458	32217
26915	33991
21795	30368
23098	39438
29563	36066
29902	33899
24770	38201
23538	36920
25753	38129
28684	31205
29517	31198
28865	32502
25840	35629
26517	37876
25842	37964
28928	30642
21840	33750
23454	33135
24375	34917
23524	37675
21292	34222
28053	38419
25530	35406
26193	34517
28490	39020
25602	39236
29630	32044
25346	34447
26246	30807
24867	32485
30215	36846
28770	36306
27725	34285
21427	36199
21648	38943
21217	31601
26525	38550
22194	34821
24627	36682
22594	38667
27991	36109
23688	33618
26264	34386
28478	39467
21941	37474
28644	36513
22794	33719
22207	37193
22411	34027
26001	31247
27195	33203
28968	33276
30241	34760
30309	32325
24851	38896
21117	35695
24390	36078
24911	33144
24468	31791
23411	32635
21058	36614
25865	38207
22385	32852
22270	39507
24031	31805
28182	39245
28464	34614
28871	35437
24566	31665
23307	35593
27547	35380
24531	32741
22709	34748
25568	38476
25654	32088
27495	39316
28745	37428
23718	32056
22177	33056
29743	33132
21375	32053
24256	33705
29509	38840
27998	35742
24401	38798
24402	31041
25087	31406
23343	34688
28185	36561
25757	38186
26107	33017
30171	37240
30271	35925
26690	33407
27260	32251
23429	35937
25304	37304
26041	38437
25835	37839
21893	37331
25938	38273
28631	36463
29244	36305
26764	37965
28849	30647
21222	32820
22154	36829
27128	30722
29347	39418
24719	37885
26916	34489
27890	38289
27150	32237
27323	35206
27439	31987
21668	34140
28884	33869
21996	34832
21756	38082
25135	36261
26383	30597
22275	33126
28403	38442
21728	31963
24013	30510
24861	36566
29747	31880
29990	33805
22432	35285
28094	36881
22318	35355
28488	37165
28062	36771
28289	37665
22369	35831
22308	33373
22904	35480
28177	35718
27183	34018
22201	31712
21168	31036
29725	30909
27661	34965
23901	37659
25134	36065
28052	34511
21775	38983
30040	33966
29892	37641
24579	33402
30224	37286
27957	31821
22126	31424
24608	32840
24808	30728
26697	34058
26337	35303
26556	35351
24806	37134
26282	32914
25265	33965
26812	32046
24528	35698
29173	30991
22410	31785
26788	31451
29572	39502
30154	38388
24532	33405
25159	31951
23486	38696
29054	32630
23342	33751
21666	33321
24988	35881
23347	30984
28547	34313
24901	38110
29523	32112
25206	38564
26004	31812
26329	36564
27162	36284
24902	34880
25149	31765
22785	31180
28961	38894
28387	37163
28776	38734
24790	37657
26598	38337
23511	36868
23843	38382
27275	36344
22422	35754
22420	35060
23852	31886
25401	34774
29098	38210
26565	37292
26817	37042
25675	30749
27361	30904
23798	32272
26507	32573
28825	32224
24576	31437
28221	33534
23148	36899
28562	31102
25833	39541
28139	39471
26270	36999
21086	31141
28022	34754
26211	35923
25521	30562
30012	39354
22263	36768
23212	38415
21238	37131
23831	38887
28008	37479
29508	31338
27672	30673
27554	38634
27684	36391
25838	33499
23190	34084
21988	38408
24838	39019
25395	34818
21114	35270
24916	30750
26400	31804
25781	34847
21699	33822
22656	33023
30192	39121
23637	33678
29001	32791
26228	36780
28665	33529
21919	35858
28457	35864
29090	34094
29651	32427
21829	36194
26210	34077
22611	34429
28556	34087
28811	30421
25479	32236
21790	33183
28596	36156
23678	35555
27165	39096
25364	37796
27847	30897
21548	37557
22086	30317
21689	34766
24290	39127
29935	38385
22518	38336
29685	38579
21597	31991
28699	31714
26552	32193
22626	33044
29232	35230
23029	33693
28115	37867
23554	31472
24628	35481
22224	35975
27726	38506
22438	34485
21631	37147
21793	34374
25919	31481
29460	30490
21496	37877
25472	30820
22642	31801
21084	39377
28730	33948
24214	33872
24854	39508
23545	32182
29348	31345
21821	31810
25448	32205
28354	30493
26954	33041
29979	35447
29167	34320
26016	38077
21362	37019
24431	35348
28815	37820
25791	38671
28345	32255
26117	35421
25844	34585
24475	31677
21038	31434
27558	38737
22181	37797
25085	32822
21700	37066
22257	37562
22184	35390
25837	32576
22793	39117
21586	34315
23800	35540
24514	31530
23323	35871
22494	31244
24723	31742
26800	31981
29245	36155
24302	33353
23924	38315
22802	35983
24110	31063
23311	34214
26334	38167
27973	35233
22784	35443
21127	34524
25776	33168
25235	32202
28949	39500
25042	32754
21454	38288
23103	34627
29223	33918
27300	39437
22999	37088
23788	39221
28443	38961
28288	31440
23450	35095
24801	37149
26266	37192
26015	38915
29757	31968
23590	33736
25124	33616
23497	36503
29112	36824
22708	31550
21661	35931
27549	35805
24526	36731
22365	37938
22121	33563
23868	39415
23537	32955
29159	36685
28616	35502
22461	38702
30310	33149
22595	36424
28440	31946
26414	34824
27011	31735
28573	38390
29150	35182
26101	30603
26898	30865
21813	32886
22092	33441
23312	39491
29599	33807
27107	33190
21768	31188
28891	32284
28506	34749
23779	30995
29381	36166
28173	35174
29930	37348
28533	32987
23398	33828
25578	34215
25519	32388
28059	30657
25415	35258
28338	37564
27597	32836
21060	32522
27902	36046
30184	31260
29499	31132
27121	31106
23145	36900
28077	34300
22315	36067
28530	38292
27750	39145
24777	36094
27971	35791
25336	34392
30030	35581
27755	38118
25834	36251
27947	38649
21846	37705
24443	33723
22039	33838
25258	30508
23629	37422
21056	33769
23739	35857
26209	34497
21860	30960
27095	38993
21026	38396
22381	37971
24737	38587
27853	35352
29745	32563
23389	38944
22460	39518
25286	32032
28965	37359
23426	36750
25455	37407
21599	39368
22490	31067
28328	36273
26579	36916
29640	34621
30049	39468
21337	32038
22874	36465
25043	34318
24834	38705
24276	37761
27813	34599
25915	38172
27528	35118
24139	37531
27479	31769
29065	38503
26463	30709
27056	33893
28048	35100
21298	39335
23107	37607
22280	39075
24557	33062
28223	34703
25430	36282
22091	31353
25779	34191
23202	36800
22586	31030
22542	36331
25788	35981
23195	33083
22371	31760
24581	30491
23087	31763
28877	31316
29082	34070
21225	35979
22133	32621
25093	34280
24460	38954
21481	30385
24904	35382
24943	34584
28832	35264
25439	37617
27686	31795
26022	38432
27676	38756
28487	36461
24924	37753
21858	33992
24172	35666
23138	38740
23999	33567
23101	33163
28055	32943
22726	30320
22001	33414
24407	33058
25271	33028
28162	38473
28707	37786
30210	39319
26503	34720
22377	33676
27567	31480
25660	37854
24188	36330
26641	36154
29097	34258
21297	30384
24056	39156
27974	36026
21662	37141
30093	39593
24135	33917
29996	36633
22687	31071
27981	30774
21317	34355
26269	31832
24363	38864
25138	34344
23179	34050
27881	34811
29705	32071
26528	31060
29334	33146
27386	30325
29868	38516
24955	35966
29810	31798
29696	38047
24771	39053
26725	30872
27905	38720
29565	34437
26674	30800
30190	32988
25279	32867
21281	35281
22820	35562
26580	35640
29731	38861
29500	35043
27337	36816
28451	34407
28128	38175
22089	38596
21325	34479
24774	34033
29992	35634
22832	37630
22551	37991
21541	33026
22987	31589
21781	36732
29411	33654
21900	35356
30127	32123
22655	33579
25552	34001
25655	37449
26670	31937
24091	38444
25488	35764
27331	34532
26543	32965
26271	35717
21145	35766
28136	33595
25586	33222
22554	33093
27013	31274
30075	35714
30240	38773
21623	36205
28740	33388
24612	31529
29287	34221
24473	39038
30295	39268
24446	35914
26469	36741
25537	39474
23882	35626
29177	35499
27292	32250
25166	39539
23984	34538
22077	31674
24513	36497
27308	37689
24543	34925
26846	37593
28985	37814
24199	39411
24697	33778
28850	33460
21783	38565
28978	37936
27518	34681
24288	30503
29682	36890
27371	35449
25761	38725
21166	35357
21750	30604
24100	36021
27235	37788
28298	31337
22492	31366
27140	36719
22408	33319
24500	36705
25051	35824
23464	31088
25123	33544
22390	38143
25167	31150
29335	31246
24927	34341
21397	30555
28006	39280
25987	36915
23069	32249
30247	32687
28955	32871
21503	37732
28759	31031
29627	34863
27832	34590
21424	33982
29360	39584
21412	37892
21456	37399
22165	31797
30096	37621
24816	35774
28404	32602
21776	37947
21354	39009
25876	39400
22095	34040
28517	35494
24347	30499
25927	38254
23394	31647
27621	37795
24694	32578
28903	34190
24709	33451
27388	38052
27503	37158
21657	32461
26277	39401
28853	31394
29376	30334
23055	39018
29769	32328
25967	37256
23037	35383
25089	32714
25563	36884
29197	34098
25699	37264
26431	38908
28306	30982
25096	32591
21608	35886
21924	37375
26005	39149
24202	34145
27474	31573
22345	34995
23242	30667
28414	39417
30307	32701
27468	33439
24593	32994
29778	37553
30157	32858
25756	38086
25204	34494
22798	37276
21738	36774
28867	34103
29008	37755
25773	32027
26937	39017
23997	36382
23972	33889
28190	30888
29319	32523
26553	37537
28116	35883
30217	31242
23789	35580
25800	36333
28160	32484
27667	35828
24122	32495
24149	31174
25348	31334
29201	30903
26276	36361
21295	35523
29913	34059
29690	37125
29660	32355
27618	30867
21409	35214
23802	33067
27628	33215
26567	36734
28046	34665
23750	39189
21407	37167
25340	37868
24649	37663
27624	34453
29777	31877
22808	31014
21603	30611
26465	33909
28471	31425
22323	37900
28862	33184
21747	37441
26295	33929
24025	31086
28803	30781
22661	32403
30305	33411
30269	39307
22790	32022
29388	35366
29018	33095
30236	32756
22691	36469
26945	35915
24971	39146
29163	37070
22097	36985
21538	32129
25335	34658
23166	37439
29147	37288
24471	39511
26930	37337
25931	32824
28854	32281
25643	36538
24212	33639
22652	30788
22395	32821
27030	31816
27864	35278
24518	33842
21953	37588
22979	38826
21579	39424
25774	38955
26106	34630
25352	35026
27039	36934
24871	30990
30078	34168
23728	36022
21843	34686
29409	37584
25593	30375
25168	37111
21902	32686
24761	35501
28835	31026
21346	35397
22559	34574
29839	36508
25810	35637
24173	36938
26926	32352
23049	38290
23648	36877
27333	37356
25248	34572
28597	39432
26434	38683
29494	34531
26540	34696
28392	39191
25875	35378
23381	34708
21975	31817
27240	31787
23182	34248
26850	32848
29234	39373
24125	36483
30066	36965
26857	37052
23716	32880
27822	38317
27965	33324
27142	37676
23231	37998
23142	38469
28191	33583
25347	33456
22665	31062
29288	37278
25048	31365
29137	32742
29962	34856
26272	39519
21849	35045
21847	36723
21167	37932
29430	32151
28907	32564
21233	33085
28076	32282
26081	37526
28801	36108
24240	37011
21216	32878
22397	33416
24045	38999
30133	35836
24822	34472
25312	36531
27012	31658
27565	34819
21905	34938
25113	37083
21525	37816
29446	34910
26309	37559
25822	35772
29883	38498
22242	37459
25268	31042
21904	30643
30161	36296
25881	37392
25216	39515
27116	38106
26733	31901
26109	39041
25387	32645
23709	35835
21319	38019
29573	39153
26227	34598
27785	36818
25879	38520
23604	36612
28224	39133
30090	35212
26310	30981
23640	31490
22057	31264
27573	36978
25382	31830
25315	33781
21570	36748
24467	39183
21322	37051
24039	33801
24489	34649
26229	35545
29602	35847
21150	37966
22945	36441
29049	36360
21219	37284
29088	34604
25106	36042
29687	31486
23528	33984
24051	35755
21621	35343
29149	37805
23200	31761
29655	33098
29626	33110
29897	30970
23128	36946
29815	32650
24326	31994
22112	35694
24821	36876
28789	35081
28149	39571
28375	34382
26454	36922
25540	30590
23346	31921
24043	36236
29202	35456
23415	38313
24578	35241
24396	34623
29713	38604
27441	33119
26976	32683
25338	32597
24081	32082
22547	37115
25238	36972
25423	37911
24349	35080
30068	39022
28537	30806
29139	37387
26343	33711
21399	35674
24207	32054
29238	38015
25704	31350
29421	33623
28186	34507
25121	39573
29746	33242
28772	33762
29263	32622
24913	36699
27508	38298
25480	39366
29168	35850
28083	32450
28233	30825
22806	37906
27576	35536
23094	33129
23898	32929
21467	35097
25035	33073
23552	34404
24155	36996
23864	34836
22010	39123
29241	38885
28837	36470
29497	34353
28299	38522
25959	36085
22027	37340
22248	32555
26823	39298
30138	36062
25360	35758
24512	30852
24441	35093
22281	36976
28194	39277
22302	36412
24234	31110
28232	33806
29433	37355
29750	30775
28624	32963
27638	38121
25416	33587
30042	32702
29636	36957
23048	37466
24380	36702
25909	36624
24414	33289
27768	31250
29900	31704
29276	31759
26931	33621
24880	30606
28672	36639
27622	34117
24582	39090
27762	31883
29662	32584
28017	34690
30311	36746
29399	35708
30211	37000
24382	37701
24015	34685
24245	35166
22106	31183
28986	38889
26088	33757
24605	38966
27550	36260
26307	36958
28358	37354
21971	39446
21879	31464
28686	32594
27084	34491
21206	37426
24160	32385
27303	37815
28274	30973
25406	33677
22085	35353
21045	31037
23498	37852
27341	32671
30070	38814
30019	39262
23089	37625
29053	39201
25261	32773
23542	33645
29726	37315
26121	33212
26669	39237
21969	36997
22844	38736
22149	37226
27207	36322
26630	33689
29401	31636
24331	39001
28213	34188
22321	36411
25433	35798
25668	36473
26137	37530
24795	31538
23025	32172
30126	33641
30140	34913
28188	39464
25706	35218
26092	34867
26168	39264
29251	31467
27773	35417
30281	36105
27338	36475
22878	34996
30182	36256
24858	38863
25494	36737
25434	39362
24986	36786
26379	34402
24247	34784
25353	30614
26190	34588
23724	35398
24238	33668
21213	33189
29309	31857
26885	34093
25327	30780
26700	31906
24368	36643
26417	34930
28757	32696
27923	34129
27029	35414
28918	30737
29039	31299
27106	39386
25373	35448
28767	34047
30270	32329
22787	36677
23390	37483
26358	35047
21598	33895
24936	37506
21983	34927
30313	38104
24312	34207
21833	30690
28166	34028
22143	30849
22557	31073
22561	34929
29415	31828
30206	34234
28766	34656
21269	33649
27343	33500
21665	37031
24338	37633
22823	34647
25500	34763
21656	37364
24592	33328
24715	37347
24093	39131
23949	39535
22673	35430
26130	31807
22952	30327
27171	32408
22581	32644
29179	38678
27052	35818
29194	35747
22436	31637
29919	33029
29940	34357
24860	32799
28343	37394
26352	31882
24123	30759
27611	31545
24555	37301
21152	30635
26698	39046
22549	39360
25076	31374
27534	35127
25182	34148
21104	35169
23420	32770
22643	33379
23514	37661
26219	32894
25328	38854
27712	34272
30272	34775
28058	35860
23490	36232
26461	32892
28629	37704
25673	37541
21851	34116
24759	38787
22732	36456
22506	38751
27403	36430
24692	37048
26102	33720
21189	33531
22140	30412
23416	37085
29950	35475
26315	39579
27551	34673
26490	37587
28302	32846
21398	37790
21930	38989
25683	36036
29999	38373
26189	30637
28999	38071
24647	35613
21573	32839
21305	35949
21210	36267
25736	37611
25560	32143
25036	35013
21543	31526
26965	34984
25156	30500
22267	34414
22163	31853
21316	37490
26830	35313
26317	37728
22564	30504
29431	32368
27448	36150
27077	37600
26429	34923
30136	35236
23777	35787
27944	35172
23412	35556
27874	35295
27879	32656
23449	33696
21685	33234
22235	30824
23642	35849
26810	35535
25993	34069
24340	30389
27975	35374
21197	38427
25615	32652
29675	32398
26584	35748
26655	38653
26181	35050
22856	33368
23430	34833
21553	34060
28319	39481
25185	34710
28432	33602
29849	33704
23860	32567
26404	39504
24961	32364
28718	32506
22451	34435
27664	36527
30129	31282
25073	35893
22540	34049
27678	39157
23467	37970
23123	34787
23493	38491
30187	33864
21740	36590
26966	36143
26186	37512
29459	32884
23011	37817
27522	34189
27294	33713
21903	32662
28696	35359
25596	31040
24995	32244
25538	38209
24114	30700
23929	32627
23817	35547
24009	33347
29834	34460
23673	36772
26158	38141
22439	36721
21415	37889
27363	33586
21499	32869
27662	38918
22602	36514
28567	34551
30174	34949
24136	32343
24037	38704
30124	38924
22342	34216
28454	34528
23250	37021
27888	37465
24533	38023
28028	37393
29418	32475
30000	31978
21349	38093
22142	39105
24463	33930
26633	34337
27790	34785
23638	37389
21798	37017
26157	36964
29977	39326
23375	32404
29343	38709
28748	38968
28713	35664
22865	38188
25023	34594
27803	33327
23441	34043
24007	33599
22700	31044
28895	39407
25870	30540
24418	32126
29590	36789
24124	38464
23331	35141
25998	35655
25116	32554
21303	38397
26847	38611
25621	38411
21882	36579
26286	31497
30168	36283
26709	35968
25301	32557
25601	34816
25109	36219
24807	36806
26768	36423
28107	30992
25550	38026
24540	36892
25221	35729
23184	37403
29419	37713
22854	36270
26500	35399
24839	36539
30253	37751
23734	34391
30119	34358
24063	33174
24477	34106
23329	38479
28513	37423
28785	31389
22412	38173
21184	36553
21676	34679
21425	34381
28176	38659
23862	32895
29676	32862
25008	32451
22711	37121
28321	32815
22260	33051
26036	30366
29945	34755
24849	35797
29389	38545
24464	34201
23692	34114
28187	35578
28860	39339
23034	37406
24242	35400
29938	36460
30111	31409
23891	34638
28448	35347
26824	35223
28103	38088
21123	34304
21043	37281
28950	35108
29442	31833
29867	39347
23090	32558
28467	32335
22917	30923
24929	30754
25260	39179
21710	33016
29742	36244
30056	38285
23741	35411
30297	36038
29737	35157
22228	30955
30300	35646
23400	37216
23127	38333
29586	36081
25429	30397
23473	34288
26879	34393
29061	33892
23894	37335
21510	37489
24535	33297
24433	36056
28737	38090
26862	34090
26332	30581
25695	35288
26573	34805
28267	33931
26311	34122
28655	31463
21611	34465
28421	30458
26775	34218
27741	36804
29969	30873
27111	39459
29311	34267
25392	31412
29114	30976
24702	37604
29735	36886
26301	30678
22046	34773
24944	34490
26222	37298
28613	37527
23144	38531
23466	36172
22047	30514
25793	30906
29453	32372
24622	32139
24481	32784
24966	35687
22396	37836
26650	39152
23804	35732
27472	32775
27119	35671
22384	38917
28712	31229
24403	33526
25320	32666
25219	36754
25928	34488
27442	36241
22244	32089
22641	31620
28627	32331
26673	38005
26792	35469
30067	37204
28026	35663
29010	36990
23887	35470
23193	30883
24663	35972
21889	39066
24524	37948
28075	37770
29502	34525
25727	36524
21353	34742
28560	30725
21318	37910
21540	34254
27286	36130
29533	31262
21092	35358
24677	37112
24885	30663
25708	31021
25142	33287
26756	31502
24841	32969
28661	33172
27577	35416
25886	32807
26861	32141
25503	32078
28225	37018
28531	33115
27871	33050
24848	38521
21221	32864
29678	33981
25169	35890
22158	35238
21039	39423
26745	32413
26497	31416
21113	38510
21884	36936
21406	38477
26767	36714
27154	32311
25594	37652
21065	33362
29468	31671
25573	34160
26712	33034
23947	36098
22766	35401
23659	38744
29968	36383
28668	32035
28437	31414
24875	34006
25070	31273
26941	31839
27124	33210
28480	37612
28806	35179
26245	35741
27561	34797
29349	34372
29982	34335
24818	32825
22769	37252
29844	31849
29974	32410
22624	36605
28654	35877
27118	34936
23824	32303
26371	31054
23432	38991
29998	34398
27598	35826
26470	32008
28792	34199
26878	32916
22118	30796
24587	33925
26987	37624
22826	33177
26562	36409
27984	35988
29257	38837
27837	36281
29605	37310
26518	34550
30292	34826
23880	37105
26278	32099
26173	35799
21064	37582
21023	39534
24975	34421
24286	30890
22038	34723
28681	39345
29582	38765
27955	33976
22237	38920
22788	36571
28372	35574
28178	30672
21440	32519
27233	31090
27202	32162
23460	30868
21326	38957
24567	33064
29048	34014
25832	35722
27808	37250
28984	34794
30268	36161
24022	36885
22262	31469
23352	31170
27581	36668
26645	30335
24057	34456
25937	37544
28882	33852
27807	32516
26216	31407
26110	35322
21411	35887
24756	31627
21801	33815
23270	39168
23703	36311
24829	35006
28105	34068
22061	34716
23185	38812
29127	31675
22589	36379
21054	33802
22821	31048
27273	32700
25665	38873
27225	37903
23163	34577
25468	38602
23084	36010
22217	38002
25460	39162
23494	32655
30177	34293
23333	36315
30291	35094
21205	34801
22171	31914
28829	33360
30274	33628
26237	33831
22852	38072
23332	33506
29331	35067
22358	37643
27854	36827
27594	32772
26357	34802
21228	39024
30284	35899
22378	35126
25021	36923
28207	37082
25443	31364
22976	38994
28310	31441
23211	32676
23738	33794
27287	34311
24960	34080
28550	34312
28957	31266
26035	38603
24619	38229
30109	37708
24998	38460
27258	39506
22028	31182
28161	32642
25711	35466
23046	38316
25584	37844
26662	30601
24080	36773
26615	37122
26550	30496
25239	33332
28694	36516
24042	36118
28195	30778
22521	39109
23586	32967
27765	30484
29890	37444
23873	35280
22487	33521
29907	36175
24426	32149
22579	34901
29936	37921
25966	34741
24976	32369
26590	32975
22859	30899
23979	39232
26078	34484
24492	30349
25527	37181
25760	33753
28308	35122
28002	37376
21288	33987
22104	33934
29378	39590
24196	36334
21587	32855
27641	30850
23701	36286
21459	34483
22407	37926
28585	38912
23112	32466
22963	35905
24356	30326
26232	30942
21357	31231
29213	32242
29948	35896
29057	33294
22621	36079
27318	34111
22213	36202
24140	32961
25542	35364
26480	39240
22809	37196
23258	35938
28607	35229
23500	30391
26047	34052
24793	37197
24644	31878
26774	39563
25856	35974
27673	34360
24597	36167
21046	33191
30173	31453
26413	39492
30137	39452
25932	35627
23656	38152
25585	33510
30044	36837
24803	34988
25513	38524
27945	30879
29925	38620
28726	32692
25487	32356
22349	36400
23593	34906
25733	38329
27045	30549
21420	34899
22663	31600
23282	32048
24504	37350
27340	31370
25748	31303
23945	33700
24187	32919
29166	33954
23225	34812
23295	37861
28484	35566
24964	31104
28687	31922
21701	37678
27792	32678
26961	35462
24869	38546
28989	31782
21494	33817
28790	38133
25131	35402
21722	36666
23680	32992
21240	33547
23714	38030
28322	32332
27420	31010
22973	37835
23008	36706
22850	36937
23651	37981
22326	36206
29773	38919
23077	39035
26452	34239
21224	37108
21377	34955
23782	30702
26899	38930
27399	36328
23754	39372
26159	37318
22553	35746
21445	30810
22789	36536
25489	30616
23510	38187
29644	36395
26647	38179
22113	31517
23555	31317
21332	35240
28056	36318
29175	33079
23458	32503
28847	32245
28883	39330
25397	31668
26611	31361
27831	31436
23507	38140
26154	30707
28524	35146
22215	32412
22509	38402
24272	31305
25150	34427
22529	30548
21713	32063
23313	31070
28751	33003
23787	36237
28271	32384
21640	32052
27956	34555
30021	35660
24273	36742
23921	33226
27721	36320
27937	31078
27524	32859
24415	34779
23915	37772
21041	33877
23439	33940
26682	30900
26757	34387
23816	31992
21868	38174
21446	32812
27267	38075
23826	36940
23791	35551
29579	39344
26519	36173
27007	37737
27051	32513
26730	37642
22918	32136
25567	33279
29507	32876
27692	33069
22274	35461
23969	39589
23636	30958
24596	37198
22841	33729
27201	32673
29965	35682
29034	32018
25658	36110
29445	34172
27836	35771
26877	37078
26380	34515
30221	39397
22160	37237
23427	36711
23584	31492
23264	35910
22334	31193
23066	37832
26281	32119
24369	31713
23797	33349
29145	31911
24799	36184
22073	38694
21514	37605
21173	30696
24720	32266
22933	34200
27264	31764
29485	30466
23518	33430
22179	33515
23118	37427
28749	36502
26799	31559
22491	36363
28394	30674
22287	31043
23297	36369
23525	39371
28846	33669
29547	36510
22317	32454
27041	38214
27627	33731
26320	33593
28175	31623
23751	34348
29755	32116
25720	32103
22855	33348
21811	37650
23731	32960
25763	39048
28673	38769
29856	38081
23669	37502
23234	35604
23317	31678
24265	32899
25083	39071
22528	34509
22066	35676
28170	33795
21055	37200
25184	34834
22884	31613
23164	30566
29628	36973
23435	34327
21275	37994
22285	36507
22187	37760
26161	37384
22750	31536
27759	36913
27903	35790
23002	33804
25642	37646
22835	32637
29393	31578
27735	32588
25897	32196
24675	32699
21156	33194
21473	30761
25295	34770
24282	38526
21272	31970
21834	35250
21663	37032
27299	36245
23012	34154
27345	38927
23016	34279
23735	38452
26052	30403
26274	34268
27654	36476
29557	38669
28741	38552
23387	32682
27182	34243
27113	31512
22162	38884
23271	38547
21158	37865
27325	36595
29955	31186
21863	34194
24824	35933
23774	31509
25054	37550
24088	31392
22098	38268
28357	37700
27110	35167
22771	30402
24522	36188
28956	39110
27817	30826
25798	34107
27417	33857
29189	34113
27743	30961
29426	30374
24357	30929
22671	32904
28784	31230
22131	30645
26178	37723
29307	32267
21569	38657
24947	31383
21669	35529
21385	38202
22596	31013
22558	39462
21250	34866
25667	31471
28368	35901
24233	32294
26097	38921
28623	37295
25334	38646
30043	36929
21087	39447
27707	39007
28498	30357
21773	37812
29024	33216
21404	38111
24602	34417
29390	35256
24490	31215
29260	36602
22024	34045
28515	32339
26436	31694
23255	38827
28501	33988
28238	30322
26244	36941
22079	37157
29434	33204
24769	39512
23920	33438
22299	32212
29899	32805
25249	39067
30153	34310
21450	36444
26789	35460
29631	33431
22885	32488
26230	34187
27596	39076
22535	34776
29491	36480
28069	34771
26587	32156
23203	31375
23892	34717
23964	32481
25250	37904
28450	34831
29805	33117
21423	38783
28385	38651
30207	38184
22183	39475
24895	30595
22025	32025
29637	33517
23940	32200
27125	33921
25277	35573
28593	30884
25715	33908
26116	35869
22253	33667
22684	32260
24453	31158
23470	38655
21209	36259
22919	39088
25297	31727
25376	32203
27763	39087
27745	36835
22100	30847
25861	35838
21841	32634
27309	39554
25467	37068
23061	33385
28959	37037
25796	34078
27685	37154
25244	38512
21539	30941
21968	33059
27769	32515
25992	34000
30105	38998
22362	34115
23019	38064
22748	31386
23155	36001
28041	36986
24645	35009
29438	39455
22723	35305
29367	37370
29830	37712
28715	36403
28351	34364
28505	36634
21141	36371
28834	36362
29809	34706
22796	38056
26600	33458
26212	38700
24733	34475
24560	36390
21223	37191
27867	36984
23488	36049
29346	36392
21034	37709
21856	31596
27196	37545
29268	30388
27883	30965
28249	31756
27992	31606
22465	32158
25016	37653
27862	35567
25291	33259
22437	37695
21355	35385
22965	30598
25061	33724
26732	36204
23104	34669
29162	37117
26749	32093
25710	34504
25913	32706
21028	36293
27184	31269
25639	38941
22761	34451
22192	36053
21751	33030
28359	38636
21163	39284
26177	31947
29905	38739
25237	32803
23513	31426
24892	39309
27344	34616
29005	38829
27060	37020
26382	30945
23136	31178
22710	34351
26200	31074
24977	35611
23620	33609
23161	35384
26401	34205
30293	37207
22981	37368
28721	37548
21121	30661
22516	31459
29130	38760
29312	39047
26321	30933
30036	32309
28685	37977
24355	35338
23414	32069
27358	33389
29246	32155
26727	30365
22414	31065
22182	33257
29716	31319
22204	37319
24974	34875
29720	32307
21848	34864
21218	31423
21886	34260
28037	34206
25173	38519
21264	31945
22819	30612
28879	35607
25146	34413
25936	36227
24651	38909
22496	31643
22969	32253
28428	37126
28762	31781
27017	30382
29495	39034
28981	30471
23043	37473
21480	32376
26914	37321
26428	31272
24121	34408
25226	32015
28702	34266
29371	35908
25894	33532
27421	38441
21239	36297
21373	33046
25541	37496
27022	36793
30132	30893
28611	35889
28765	37583
26762	32900
22416	30662
22629	31382
21461	38931
22738	38353
22388	32587
23990	30771
26466	31196
23876	33251
29363	38375
28125	38590
27753	34230
27644	30651
26084	31127
22403	39186
21755	39228
23626	32606
25758	36386
27455	38809
24263	34208
21012	32395
23453	38771
22406	39239
21331	39551
29425	34470
24708	35892
23694	35395
23736	38785
25229	30461
25207	37827
27257	37401
29584	30844
25536	33317
29831	39098
30165	36739
24020	35121
25819	35750
27426	36618
23266	39433
29923	33248
22246	32787
23027	34793
21044	38589
23351	34912
27025	37554
25857	33653
28469	32171
22431	36908
30290	37145
29339	35102
26170	34654
25981	36866
23948	33280
22413	34617
24780	37090
28395	37127
22093	30957
26609	33035
29825	39517
24478	35926
25281	32392
27872	37978
25544	32633
21509	34066
24439	38876
28710	38372
28252	38990
26240	34389
23289	32861
21479	35452
26947	37208
27274	37069
21491	36312
27679	38577
23380	32478
24397	35852
27665	31077
23508	33840
28742	38458
27148	35059
24032	38975
26990	36792
27023	36071
26932	36242
23778	38972
29259	33415
28545	35552
26013	38006
24300	30670
21212	34023
23419	39242
21488	39568
26119	31614
24508	32334
22804	38713
29674	35405
28546	35014
24294	39266
23830	31723
26085	31331
21828	31583
27059	37774
30141	38039
22239	32263
29553	36509
24104	35310
21144	38426
21664	35554
24600	34467
26134	31733
21622	39081
27463	35375
26065	33296
21120	30877
27910	33851
21916	31966
27833	30821
27811	38703
21405	32185
24029	38010
28134	32690
22463	35486
27328	38764
21741	32984
23350	33369
28304	31368
24621	33074
24965	33670
24189	34274
29794	31181
29704	32113
25349	31775
21782	34659
22640	36671
22279	33627
29013	36203
30246	31825
25175	33911
24689	33523
23257	36135
26149	37421
21915	38484
27579	35943
21653	30755
26098	34235
23244	32031
29210	37927
29243	35431
25125	37822
24304	33811
24052	37209
22674	34209
22348	36784
21581	32679
28897	37139
29878	39226
21037	30506
22222	39107
25605	38952
27290	38258
25432	31387
25262	34405
27103	38386
28612	37360
29416	34578
29846	32788
23181	33761
29436	38914
27602	36106
25784	32736
21580	39234
27491	35370
25866	34426
28682	35516
24842	30994
21806	35039
28750	30724
21875	31736
27003	37858
26716	39159
24577	31539
25145	31892
27964	35340
23917	31207
27633	36606
26057	30408
21955	36220
28261	37636
23785	36810
26526	39331
27911	31933
28425	39483
25064	38042
25019	36478
28812	31725
25469	38608
24633	34976
21610	38502
30055	35874
26575	37128
28409	38149
28703	31595
24003	31212
27877	32192
28816	32935
21062	37395
26795	33298
29432	34062
29250	37443
28061	35425
28405	31654
28756	30414
21289	35219
23245	34147
26440	37143
25481	33180
23756	38422
29297	30938
29248	35158
26569	38050
21042	39235
30054	36019
29272	34714
23747	38534
25885	36764
24982	32476
23433	32006
21531	38454
22908	36265
23587	38661
25697	30380
30287	36663
29961	37973
29858	35973
24411	35198
22512	38629
28024	38617
29851	31734
28294	36185
25804	34110
26126	32580
27738	30482
23277	35058
21546	31672
24819	39493
27771	30520
29740	39275
27136	32486
22692	35632
