9175	25030
7986	23854
10637	26471
6127	22007
6577	22457
8254	24118
9441	25293
10755	26589
8735	24596
7174	23051
6896	22774
8878	24739
6807	22686
6206	22086
7710	23583
7223	23100
9712	25560
6813	22692
7144	23021
10316	26155
6282	22162
10977	26809
7390	23265
6330	22210
9491	25342
7613	23486
6504	22384
6232	22112
7791	23663
8540	24402
7198	23075
7403	23002
6005	21885
7993	23861
9925	25769
10002	25844
6006	21886
8922	24782
8374	24238
9028	24886
9486	25337
9638	25487
8629	24491
10999	26831
6793	22672
10225	26065
10922	25437
7810	23681
8292	24156
10193	26033
10306	26145
9135	24990
9985	25827
8518	24380
10241	26080
9992	25834
9642	25490
7995	23863
7720	23592
6652	22532
6644	22524
6588	22468
8693	24554
8410	24274
9039	24897
6241	22121
8874	24735
7092	22970
6900	22778
6921	22799
7392	23267
9234	25089
7186	23063
8261	24125
7247	23124
9784	25632
7033	22911
10684	26518
7970	23838
10588	26423
6622	22502
10048	25889
6439	22319
6897	22775
7644	23517
8729	24590
6961	22839
9574	25424
10423	26261
6671	22551
10820	26654
9608	25457
8340	24204
8642	24503
8341	24205
8749	24610
6942	22820
9440	25292
9559	25409
9228	25083
6446	22326
6694	22574
6620	22500
7579	23452
10063	25904
7788	23660
8271	24135
8039	23907
10299	26138
8015	23883
10741	26575
6550	22430
7575	23448
10625	26459
6527	22407
6295	22175
6357	22237
10621	23997
6444	22324
8524	24386
8037	23905
8117	23982
6836	22715
11034	26865
7465	23338
10919	26752
10127	25967
7088	22966
8210	24075
7035	22913
10373	26211
7713	23586
6372	22252
7635	23508
7794	23666
9986	25828
10992	26824
9715	25563
8915	24775
8303	24167
10393	26231
10517	26354
7536	23409
9807	25655
8993	24851
10160	26000
9104	24960
10793	26627
6601	22481
9287	25141
7565	23438
9091	24947
7264	23141
8835	24696
6794	22673
9277	25131
10374	26212
10539	26376
6867	22746
8330	24194
6287	22167
10074	25915
6534	22414
10983	26815
7475	23348
10436	26274
10578	26413
10913	26746
7176	23053
6147	22027
9362	25215
8603	24465
9076	24933
7754	23626
9769	25617
10993	26825
10186	26026
10000	25842
10643	26477
8624	24486
7301	23177
7259	23136
8694	24555
9444	25296
10091	25932
10815	26649
10220	26060
6561	22441
7333	23209
10594	26429
9077	24934
7841	23712
7291	23167
6422	22302
10570	26405
9088	24945
7040	22918
8167	24032
6572	22452
8832	24693
8306	24170
7292	23168
6901	22779
7114	22991
7192	23069
7402	23277
9814	25661
10440	26278
7441	23315
7459	23332
7047	22925
8780	24641
6802	22681
6541	22421
6337	22217
8401	24265
6578	22458
8111	23976
8938	24797
9569	25419
7521	23394
10636	26470
6709	22589
9702	25550
7836	23707
8509	24371
10779	26613
8255	24119
8710	24571
8417	24281
9181	25036
9749	25597
8872	24733
9651	25499
10831	26665
9713	25561
8345	24209
9395	25247
8917	24777
7885	23754
7963	23831
8034	23902
7509	23382
9595	25444
8898	24758
10761	26595
6142	22022
6773	22652
10772	26606
7719	23591
6054	21934
9644	25492
8445	24308
8967	24825
8435	24298
7283	23159
8924	24784
8154	24019
8582	24444
9905	25749
8805	24666
10506	26343
10846	26680
10313	26152
8980	24838
6035	21915
8350	24214
8438	24301
9648	25496
8670	24531
8323	24187
6384	22264
8478	24341
10352	26190
9655	25503
7892	23761
8811	24672
9071	24928
10014	25855
10817	26651
10861	26695
6537	22417
10777	26611
7447	23321
7230	23107
6698	22578
6240	22120
7518	23391
6389	22269
6935	22813
10606	26441
6334	22214
7235	23112
6795	22674
10646	26480
7658	23531
10332	26170
7299	23175
6564	22444
8155	24020
9366	25219
8844	24705
8588	24450
10491	26328
10070	25911
7703	23576
9844	25690
7682	23555
7913	23782
7014	22892
6843	22722
8990	24848
7782	23654
7896	23765
8176	24041
6998	22876
7980	23848
8705	24566
9290	25144
8275	24139
6205	22085
10824	26658
5994	21874
7337	23212
6707	22587
6679	22559
6322	22202
7049	22927
9758	25606
10842	26676
7109	22986
6464	22344
10799	26633
7768	23640
9344	25197
9762	25610
8520	24382
8237	24102
7638	23511
10681	26515
6200	22080
7125	23002
10307	26146
8606	24468
7907	23776
7870	23740
6571	22451
6269	22149
6356	22236
7159	23036
7427	23301
9429	25281
6153	22033
9764	25612
6847	22726
10004	25846
9549	25399
9499	25350
9142	24997
9152	25007
10987	26819
10543	26380
7022	22900
8778	24639
7466	23339
6632	22512
7943	23811
10519	26356
10475	26312
6636	22516
7604	23477
6039	21919
10666	26500
10413	26251
7497	23370
9830	25676
10804	26638
7842	23713
10524	26361
7135	23012
9019	24877
6497	22377
10510	26347
6361	22241
10628	26462
8786	24647
8932	24791
6496	22376
6774	22653
8132	23997
6788	22667
8378	24242
6429	22309
6348	22228
9012	24870
8649	24510
9859	25704
7880	23019
6329	22209
7538	23411
7394	23269
10330	26168
9819	25666
9592	25441
9611	25460
10850	26684
8573	24435
10874	26708
7722	23594
6374	22254
10363	26201
10774	26608
7089	22967
9109	24965
6853	22732
6686	22566
8408	24272
11021	26853
6904	22782
6758	22637
10894	26727
9877	25722
10614	26449
9588	25437
9074	24931
7440	23314
7714	23587
9857	25702
6445	22325
10190	26030
9102	24958
6252	22132
9466	25318
7516	23389
6927	22805
10794	26628
7831	23702
8957	24815
10574	26409
10161	26001
7726	23598
8381	24245
10735	26569
10518	26355
6952	22830
8490	24352
7741	23613
10379	26217
6020	21900
6674	22554
8536	24398
10426	26264
6001	21881
8397	24261
9035	24893
9553	25403
8943	24802
10305	26144
9314	25168
10571	26406
9131	24986
10359	26197
8226	24091
9579	25429
7618	23491
6723	22603
8554	24416
8537	24399
9959	25802
10412	26250
10191	26031
6218	22098
10252	26091
7887	23756
6634	22514
9943	25786
7845	23716
6349	22229
7607	23480
10126	25966
7818	23689
10827	26661
9564	25414
6955	22833
6619	22499
6173	22053
10051	25892
7471	23344
10370	26208
8095	23961
9176	25031
8464	24327
7637	23510
6271	22151
10823	26657
10795	26629
8182	24047
7813	23684
10548	26385
8437	24300
9674	25522
6024	21904
10183	26023
6542	22422
7128	23005
9497	25348
8088	23954
9420	25272
7775	23647
9262	25117
9447	25299
8064	23931
7679	23552
8633	24494
10270	26109
8620	24482
7012	22890
6665	22545
7146	23023
10551	26388
10677	26511
7927	23795
9018	24876
7640	23513
6647	22527
10902	26735
6567	22447
8467	24330
8386	24250
9114	24970
7989	23857
10309	26148
8332	24196
8232	24097
8197	24062
9437	25289
6420	22300
7499	23372
6116	21996
6846	22725
10596	26431
10760	26594
8462	24325
6415	22295
7672	23545
9003	24861
10217	26057
7897	23766
7678	23551
6933	22811
7601	23474
8428	24291
8007	23875
6704	22584
6627	22507
10576	26411
6133	22013
9906	25750
9697	25545
9907	25751
9367	25220
9129	24984
8744	24605
10644	26478
8351	24215
6016	21896
10124	25964
10952	26784
10870	26704
10622	26456
8889	24750
8263	24127
8828	24689
6546	22426
9687	25535
7132	23009
8398	24262
10853	26687
10668	26502
7570	23443
8998	24856
7414	23288
7349	23224
6670	22550
8952	24810
10560	24371
6888	22767
9815	25662
7140	23017
10448	26286
9496	25347
9673	25521
8343	24207
7001	22879
9537	25387
7550	23423
7912	23781
7265	23142
6864	22743
6390	22270
6103	21983
8046	23913
9837	25683
7689	23562
6438	22318
7289	23165
7015	22893
8683	24544
10465	26303
7055	22933
10189	26029
6939	22817
8632	24128
10925	26757
7716	23588
6450	22330
8775	24636
10965	26797
8356	24220
10657	26491
10285	26124
7385	23260
6011	21891
9474	25325
10754	26588
6089	21969
6719	22599
9041	24898
10450	26288
8831	24692
8992	24850
9198	25053
5998	21878
7462	23335
9155	25010
9961	25804
6112	21992
6247	22127
8248	24112
10080	25921
7730	23602
7973	23841
9328	25182
6263	22143
9689	25537
7070	22948
9863	25708
8546	24408
9960	25803
11010	26842
6266	22146
7461	23334
7315	23191
7312	23188
9325	25179
6946	22824
6757	22636
8042	23892
7955	23823
11036	26867
10513	26350
7363	23238
6891	22769
8880	24741
9811	23884
6408	22288
10378	26216
9688	25536
8772	24633
10318	26157
6095	21975
9318	25172
9720	25568
8916	24776
9530	25380
10933	26765
6858	22737
9556	25406
10498	26335
10759	26593
10692	26526
9622	25471
10325	26164
10592	26427
6061	21941
8822	24683
9083	24940
9101	24957
9641	22685
8613	24475
10358	26196
7272	23148
6937	22815
6499	22379
6042	21922
9465	25317
6176	22056
8700	24561
7455	23329
9823	25670
8912	24772
6236	22116
8602	24464
10340	26178
9372	25224
9230	25085
9057	24914
10953	26785
6662	22542
9409	25261
8054	23921
10394	26232
9128	24983
10254	26093
10485	26322
6366	22246
7718	23590
9418	25270
6070	21950
6302	22182
7067	22945
6923	22801
8499	24361
10176	26016
9473	25324
7894	23763
10107	25948
8614	24476
9062	24919
8091	23957
10849	26683
10903	26736
7152	23029
10635	26469
10586	26421
7632	23505
8084	23950
9164	25019
9525	23714
8221	24086
7937	23805
8068	23935
8061	23928
9956	25799
10964	26796
9630	25479
8177	24042
10392	26230
9064	24921
9185	25040
6009	21889
7809	23680
8826	24687
9115	24971
7805	23676
7751	23623
8636	24497
7477	23350
9021	24879
10042	25883
6845	22724
9338	25192
10250	26089
6930	22808
9479	25330
6558	22438
7501	23374
6077	21957
6275	22155
6038	21918
9321	25175
7285	23161
9237	25092
6182	22062
10194	26034
6871	22750
8579	24441
7949	23817
6110	21990
7364	23239
10884	26718
9846	25692
7248	23125
10407	26245
7807	23678
9342	25195
10980	26812
8012	23880
9258	25113
6638	22518
8038	23906
7677	23550
8848	24709
9768	25616
10946	26778
8115	23980
10433	26271
9216	25071
10748	26582
10323	26162
7508	23381
10697	26531
10210	26050
6319	22199
11037	26868
7940	23808
9197	25052
10476	26313
9646	25494
8469	24332
6832	22711
10583	26418
6752	22631
8842	24703
6956	22834
6454	22334
7573	23446
8704	24565
6047	21927
10295	26134
9385	25237
10934	26766
8840	24701
10195	26035
10533	26370
10665	26499
9260	25115
10633	26467
6739	22618
6281	22161
6505	22385
9781	25629
7858	23729
9627	25476
8146	24011
8630	24492
6908	22786
9920	25764
10917	26750
7130	23007
6907	22785
8973	24831
10489	26326
9177	25032
7783	23655
9632	25481
5997	21877
8508	24370
7325	23201
7489	23362
9217	25072
8707	24568
7776	23648
8449	24312
9788	25636
6179	22059
6228	22108
7822	23693
8762	24623
10675	26509
7122	22999
6364	22244
8434	24297
7572	23445
9215	25070
10881	26715
7823	23694
6233	22113
6538	22418
7992	23860
8005	23873
10732	26566
5993	21873
7410	23284
8648	24509
6573	22453
6741	22620
6528	22408
9895	25739
9576	25426
10385	26223
10514	26351
9596	25445
10505	26342
6742	22621
6225	22105
8789	24650
9736	25584
9449	25301
6443	22323
10961	26793
10645	26479
7180	23057
7075	22953
10942	26774
9948	25791
6131	22011
9996	25838
6833	22712
9388	25240
7362	23237
10276	26115
7560	23433
7281	23157
9931	25775
7772	23644
9893	25737
10641	26475
7723	23595
8814	24675
6886	22765
6311	22191
8452	24315
9997	25839
9123	24979
8773	24634
7643	23516
9265	25120
10545	26382
8927	24787
6413	22293
10700	26534
6610	22490
9856	25701
10047	25888
9954	25797
10451	26289
10949	26781
6193	22073
6093	21973
10067	25908
7416	23290
6117	21997
8586	24448
8161	24026
7664	23537
8753	24614
10957	26789
7166	23043
9219	25074
7697	23570
8169	24034
6767	22646
8607	24469
6941	22819
10745	26579
7350	23225
6156	22036
10226	26066
6762	22641
9695	25543
6570	22450
9378	25230
6111	21991
7515	23388
7709	23582
10863	26697
10314	26153
10473	26310
10747	26581
6968	22846
6299	22179
9541	25391
6714	22594
9972	25815
6234	22114
9068	24925
9011	24869
6778	22657
10259	26098
7795	23667
7875	23745
6984	22862
8283	24147
7606	23479
8517	24379
6245	22125
9201	25056
8277	24141
7811	23682
9307	25161
9933	25777
7369	23244
9355	25208
9903	25747
6926	22804
6178	22058
8483	24346
8404	24268
8829	24690
7563	23436
6246	22126
9276	25130
7529	23402
6513	22393
9998	25840
7544	23417
8324	24188
8080	23946
9405	25257
9952	25795
10888	26722
7848	23719
10065	25906
8966	24824
7134	23011
8881	24742
8733	24594
9006	24864
9866	25711
10319	26158
10896	26729
8184	24049
10267	26106
10932	26764
9723	25571
10958	26790
9936	25780
9207	25062
8057	23924
10649	26483
6391	22271
8910	24770
10864	26698
8294	24158
7617	23490
10335	26173
8535	24397
10235	26074
10237	26076
8172	24037
6720	22600
10076	25917
9529	25379
9827	24118
6966	22844
10484	26321
6350	22230
6029	21909
6300	22180
8558	24420
7160	23037
9584	25433
10360	26198
9661	25509
7554	23427
9805	25653
6594	22474
10479	26316
11032	26863
10926	26758
10181	26021
6837	22716
6730	21980
7054	22932
7882	23751
9108	24964
7446	23320
10627	26461
7296	23172
6430	22310
8250	24114
7982	23850
8794	24655
9841	25687
7386	23261
9186	25041
6884	22763
6790	22669
9735	25583
9561	25411
7778	23650
9459	25311
9232	25087
9288	25142
7774	23646
6056	21936
6358	22238
9279	25133
6069	21949
8797	24658
7443	23317
7915	23783
7968	23836
7957	23825
10409	26247
7318	23194
10923	26755
9623	25472
10688	26522
8972	24830
9934	25778
8188	24053
9229	25084
6814	22693
6648	22528
10739	26573
7208	23085
6915	22793
7531	23404
6352	22232
6782	22661
7987	23855
6022	21902
9236	25091
7057	22935
9941	25784
10996	26828
9970	25813
6657	22537
9143	24998
9031	24889
8834	24695
8447	24310
10071	25912
10687	26521
6726	22606
8105	23970
9639	25488
8628	24490
6972	22850
8934	24793
9865	25710
7941	23809
6532	22412
7407	23281
10131	25971
7241	23118
7523	23396
8406	24270
7317	23193
6235	22115
6745	22624
6743	22622
8807	24668
7764	23636
7173	23050
7542	23415
6254	22134
10733	26567
8968	24826
9785	25633
9047	24904
11044	26875
6737	22616
10892	26725
9244	25099
8591	24453
10656	26490
7445	23319
10354	26192
6954	22832
6493	22373
9327	25181
10218	26058
9436	25288
8658	24519
9007	24865
8097	23963
7380	23255
6547	22427
8107	23972
7835	23706
8391	24255
6526	22406
9779	25627
9147	25002
10419	26257
11004	26836
10185	26025
8125	23990
6087	21967
10529	26366
8362	24226
9249	25104
8962	24820
9563	25413
10670	26504
7351	23226
7200	23077
10381	26219
10298	26137
7706	23579
6999	22877
7944	23812
6192	22072
8181	24046
9586	25435
10003	25845
9081	24938
9084	24941
7195	23072
7864	23735
10995	26827
10198	26038
10610	26445
7074	22952
9379	25231
7346	23221
10321	26160
7667	23540
10725	26559
6459	22339
7731	23603
6230	22110
7856	23727
8433	24296
6775	22654
9079	24936
9478	25329
6838	22717
9218	25073
9319	25173
6286	22166
6032	21912
8877	24738
9519	25370
6027	21907
10239	26078
9951	25794
9678	25526
7344	23219
10743	26577
9396	25248
6305	22185
7422	23296
9565	25415
7149	23026
10604	26439
9488	25339
9151	25006
10990	26822
6979	22857
10430	26268
10981	26813
10803	26637
8031	23899
10561	26397
6600	22480
6213	22093
10608	26443
10248	26087
10956	26788
6606	22486
8569	24431
7917	23785
9140	24995
6165	22045
7269	23145
8837	24698
10682	26516
7755	23627
9333	25187
10599	26434
10807	26641
9380	25232
7799	23671
8550	24412
8784	24645
6491	22371
7246	23123
8476	24339
9742	25590
7009	22887
6691	22571
8816	24677
7328	23204
11018	26850
7039	22917
8766	24627
6360	22240
8493	24355
9677	25525
7412	23286
8830	24691
9282	25136
10897	26730
6521	22401
6028	21908
8739	24600
10639	26473
8002	23870
9835	25681
6177	22057
7095	22972
9192	25047
9161	25016
8616	24478
8231	24096
6417	22297
8541	24403
8594	24456
8944	22775
6525	22405
9725	25573
8270	24134
7889	23758
6033	21913
6075	21955
8827	24688
8346	24210
7936	23804
8833	24694
6126	22006
10875	26709
10613	26448
7225	23102
6004	21884
6809	22688
6677	22557
6796	22675
9292	25146
7411	23285
9050	24907
6171	22051
9223	25078
10443	26281
9657	25505
6976	22854
7263	23140
9480	25331
10438	26276
6593	22473
7438	23312
7025	22903
6959	22837
10556	26393
6690	22570
7145	23022
6875	22754
6658	22538
6740	22619
8991	24849
8001	23869
6906	22784
9765	25613
10075	25916
10783	26617
10836	26670
9438	25290
8761	24622
7279	23155
7415	23289
6702	22582
8689	24550
10546	26383
10941	26773
6309	22189
9189	25044
9820	25667
8800	24661
8809	24670
7676	23549
10930	26762
7904	23773
8413	24277
9686	25534
10991	26823
10334	26172
9270	25125
10300	26139
7820	23691
8157	24022
6434	22314
10463	26301
11029	24047
9169	25024
6669	22549
7209	23086
10342	26180
10494	26331
9581	25431
6919	22797
10880	26714
9097	24953
6808	22687
9264	25119
10814	26648
7081	22959
9546	25396
8482	24345
8495	24357
6518	22398
7450	23324
7267	22537
10960	26792
8600	24462
6763	22642
8426	24289
8900	24760
7011	22889
6098	21978
7908	23777
9357	25210
9566	25416
6676	22556
6476	22356
6785	22664
10873	26707
10192	26032
10456	26294
9988	25830
10587	26422
6255	22135
9487	25338
8652	24513
10483	26320
7746	23618
9308	25162
8017	23885
7576	23449
9582	12728
7016	22894
10066	25907
8599	24461
10400	26238
10043	25884
9813	25660
8545	24407
9359	25212
9106	24962
6903	22781
10464	26302
7310	23186
7030	22908
6732	22611
10716	26550
11022	26854
8395	24259
10508	26345
6885	22764
7323	23199
6918	22796
8936	24795
10564	26399
9682	25530
7124	23001
10030	25871
9281	25135
6363	22243
10986	26818
10819	26653
9315	25169
8049	23916
9404	25256
10142	25982
10008	25849
6839	22718
7881	23750
9094	24950
7655	23528
9786	25634
8474	24337
9061	24918
10117	25958
6851	22730
6229	22109
7802	23674
9200	25055
6283	22163
7222	23099
8160	24025
6628	22508
8135	24000
6492	22372
10169	26009
9618	25467
7891	23760
8854	24715
9886	25730
9004	24862
9681	25529
8129	23994
9394	25246
10203	26043
10283	26122
7532	23405
9900	25744
6791	22670
6013	21893
7627	23500
8021	23889
10104	25945
7228	23105
9969	25812
6801	22680
7378	23253
9902	25746
6239	22119
8314	24178
7798	23670
6524	22404
6315	22195
11013	26845
6924	22802
8296	24160
10852	26686
9334	25188
6418	22298
6663	22543
10344	26182
10425	26263
9251	25106
6044	21924
6856	22735
7485	23358
8861	24722
8718	24579
9354	25207
9146	25001
10678	26512
9792	25640
8593	24455
9299	25153
8029	23897
7087	22965
10144	25984
7052	22930
6109	21989
10151	25991
8945	24803
8512	24374
8553	24415
10041	25882
10297	26136
10883	26717
6121	22001
8472	24335
9816	25663
8908	24768
7494	23367
5999	21879
8855	24716
7935	23803
7851	23722
10282	26121
9015	24873
9138	24993
9424	25276
10940	26772
10231	26071
7023	22901
8251	24115
6951	22829
7816	23687
7578	23451
9966	25809
10512	26349
7469	23342
10651	26485
10025	25866
9799	25647
7588	23461
10122	25962
8543	24405
10530	26367
7890	23759
9945	25788
10098	25939
8506	24368
8170	24035
9032	24890
10855	26689
8293	24157
9914	25758
7893	23762
8067	23934
9457	25309
9403	25255
8697	24558
8178	24043
8659	24520
6899	22777
8853	24714
6912	22790
7837	23708
7271	23147
10698	26532
9896	25740
8354	24218
6108	21988
10907	26740
6598	22478
7628	23501
10053	25894
6473	22353
6759	22638
6007	21887
6377	22257
6725	22605
7029	22907
9427	25279
7854	23725
10501	26338
10154	25994
7326	23202
8820	24681
9416	25268
9511	25362
7681	23554
8457	24320
9721	25569
10020	25861
7061	22939
7211	23088
6268	22148
8604	24466
6697	22577
7139	23016
7666	23539
8044	23911
10921	26754
8141	24006
10634	26468
10113	25954
9273	25128
10764	26598
6290	22170
7142	23019
9205	25060
11000	26832
8719	24580
8108	23973
6253	22133
10970	26802
10734	26568
6983	22861
7418	23292
8955	24813
9280	25134
6764	22643
7065	22943
10453	26291
8647	24508
7430	23304
8836	24697
10997	26829
6291	22171
10356	26194
8929	24788
9373	25225
8706	24567
7406	23280
9707	25555
7158	23035
10086	25927
9259	25114
8481	24344
8104	23969
6753	22632
10382	26220
10658	26492
7939	23807
6660	22540
8791	24652
10365	26203
9692	25540
7371	23246
6128	22008
6681	22561
8552	24414
8069	23736
9477	25328
8195	24060
7569	23442
7921	23789
6113	21993
7042	22920
10032	25873
6607	22487
9797	25645
9053	24910
8070	23936
8444	24307
6037	21917
9124	24980
9132	24987
8466	24329
8721	24582
7078	22956
7138	23015
6797	22676
7690	23563
8087	23953
9987	25829
9125	24981
6208	22088
8617	24479
7513	23386
10969	26801
7010	22888
10619	26454
7680	23553
7006	22884
9090	24946
6479	22359
8887	24748
9363	25216
7099	22976
6457	22337
10879	26713
7383	23258
7654	23527
10093	25934
8186	24051
10110	25951
9422	25274
7201	23078
7646	23519
8987	24845
8099	23965
7694	23567
7203	23080
6529	22409
9714	25562
8165	24030
7004	22882
10825	26659
6157	22037
10029	25870
7721	23593
10525	26362
6768	22647
7752	23624
6323	22203
8981	24839
7187	23064
6749	22628
8419	24283
7817	23688
8564	24426
8173	24038
10402	26240
6114	21994
8686	24547
6378	22258
10034	25875
6267	22147
7100	22977
6893	22771
6944	22822
10215	26055
9408	25260
10531	26368
6188	22068
7083	22961
7189	23066
9671	25519
6779	22658
6699	22579
7442	23316
8698	24559
8130	23995
9048	24905
9562	25412
7564	23437
9757	25605
7860	23731
6733	22612
10797	26631
6212	22092
8078	23944
7984	23852
9543	25393
8567	24429
7293	23169
10577	26412
9726	25574
6050	21930
8708	24569
7869	23739
6597	22477
6508	22388
9042	24899
6696	22576
8734	24595
6806	22685
7282	23158
9256	25111
6978	22856
7202	23079
6238	22118
6150	22030
10084	25925
10928	26760
9719	25567
8211	24076
9843	25689
9650	25498
10736	26570
11015	26847
10822	26656
9322	25176
9778	25626
7367	23242
7916	23784
8983	24841
9590	25439
6031	21911
10279	26118
10128	25968
7931	23799
7044	22922
6854	22733
6259	22139
9300	25154
6615	22495
6210	22090
7843	23714
10891	26724
6172	22052
7645	23518
8334	24198
8637	24498
7339	23214
7773	23645
8048	23915
7464	23337
6082	21962
10341	26179
7793	23665
9981	25823
9738	25586
6605	22485
7123	23000
9732	25580
8414	24278
8815	24676
10756	26590
10174	26014
8119	23984
8963	24821
9849	25694
10495	26332
9112	24968
7737	23609
8720	24581
6760	22639
7594	23467
10033	25874
8631	24493
8587	24449
8638	24499
9029	24887
7094	22549
6211	22091
10138	25978
7467	23340
8093	23959
6105	21985
7086	22964
6078	21958
8821	24682
9664	25512
9049	24906
9464	25316
6145	22025
6285	22165
9858	25703
8726	24587
8405	24269
8771	24632
8502	24364
6333	22213
7812	23683
7119	22996
10143	25983
10648	26482
8159	24024
8393	24257
6812	22691
8754	24615
6368	22248
9017	24875
8725	24586
6495	22375
10228	26068
9980	25822
11033	26864
7199	23076
8316	24180
8162	24027
7221	23098
9669	25517
8907	24767
6256	22136
9921	25765
10766	26600
10219	26059
6086	21966
6452	22332
10689	26523
9127	24726
9463	25315
7347	23222
10541	26378
9550	25400
8660	24521
6865	22744
10830	26664
6589	22469
6536	22416
8819	24680
6152	22032
8475	24338
7861	23732
8796	24657
6400	22280
7545	23418
7481	23354
10060	25901
8544	24406
9772	25620
8668	24529
8930	24789
6344	22224
8767	24628
10500	26337
10200	26040
10179	26019
6804	22683
8940	24799
8539	24401
9027	24885
9698	25546
6292	22172
8311	24175
10962	26794
10763	26597
10139	25979
9435	25287
6640	22520
9766	25614
6520	22400
8623	24485
6072	21952
8339	24203
8783	24644
10769	26603
7084	22962
10565	26400
7734	23606
6470	22350
10581	26416
9371	25113
6123	22003
7884	23753
9548	25398
6164	22044
7674	23547
8480	24343
7336	23211
10039	25880
6159	22039
8023	23891
10302	26141
10775	26609
7370	23245
8455	24318
10955	26787
11012	26844
10331	26169
9864	25709
6486	22366
7005	22883
6639	22519
8118	23983
10046	25887
10293	26132
9885	25729
10790	26624
8777	24638
6965	22843
8040	23908
10667	26501
9603	25452
6582	22462
10947	26779
8050	23917
10387	26225
6340	22220
6132	22012
6137	22017
10954	26786
7581	23454
6090	21970
11024	26856
7082	22960
9947	25790
9343	25196
10303	26142
9977	25819
6654	22534
9520	25371
7013	22891
10876	26710
9606	25455
7204	23081
8112	23977
7113	22990
6456	22336
8977	24835
10691	26525
10315	26154
9527	25377
9839	25685
9558	25408
7895	23764
10311	26150
8879	24740
8122	23987
9700	25548
9360	25213
8523	24385
8446	24309
9122	24978
9033	24891
10938	26770
7365	23240
9291	25145
9160	25015
6771	22650
10507	26344
10847	26681
10802	26636
10950	26782
6091	21971
9085	24942
7698	23571
10493	26330
9337	25191
7164	23041
6738	22617
8013	23881
6986	22864
7382	23257
10945	26777
8470	24333
7610	23483
7313	23189
6411	22291
11023	26855
10005	25847
8491	24353
8486	24348
9593	25442
6383	22263
10106	25947
6780	22659
8790	24651
8779	24640
10061	25902
9271	25126
10214	26054
8557	24419
10982	26814
9382	25234
8338	24202
10540	26377
9711	25559
9610	25459
7806	23677
8308	24172
7814	23685
9890	25734
8403	24267
7172	23049
7883	23752
6712	22592
9767	25615
6336	22216
6243	22123
9995	25837
10172	26012
7942	23810
8625	24487
10090	25931
6351	22231
6163	22043
7846	23717
9917	25761
10542	26379
6798	22677
7439	23313
10367	26205
10521	26358
9368	25221
7577	23450
9254	25109
9782	25630
9560	25410
10199	26039
6755	22634
8883	24744
10549	26386
7275	23151
7771	23643
7314	23190
7728	23600
8138	24003
9241	25096
6370	22250
10150	25990
8450	24313
8748	24609
7732	23604
7205	23082
6304	22184
8813	24674
7436	23310
6151	22031
10690	26524
6250	22130
8489	24351
6220	22100
7102	22979
7148	23025
9285	25139
7914	22138
7669	23542
8120	23985
10364	26202
8571	24433
8641	24502
9426	25278
9567	25417
7634	23507
8533	24395
9923	25767
9812	25659
6381	22261
9002	24860
7018	22896
6273	22153
9587	25436
8424	24288
6829	22708
10328	26166
7053	22931
6297	22177
9974	25816
9193	25048
10445	26283
7965	23833
7479	23352
7216	23093
6288	22168
6485	22365
7220	23097
7424	23298
9070	24927
10388	26226
6920	22798
8501	24363
10324	26163
10263	26102
8372	24236
6857	22736
9989	25831
8353	24217
9978	25820
7245	23122
7250	23127
7303	23179
9967	25810
8151	24016
6158	22038
9269	25124
7358	23233
8431	24294
10087	25928
10031	25872
9705	25553
7649	23522
8818	24679
11038	26869
9949	25792
10478	26315
7600	23473
8376	24240
7163	23040
7905	23774
10178	26018
10088	25929
6227	22107
7308	23184
7060	22938
9393	25245
6034	21914
7603	23476
8741	24602
8519	24381
6910	22788
8060	23927
9266	25121
9332	25186
7961	23829
8671	24532
7639	23512
9484	25335
6892	22770
6433	22313
10121	24925
6403	22283
6655	22535
6810	22689
10671	26505
7334	22532
9670	25518
11020	26852
7425	23299
8430	24293
10153	25993
8072	23938
10837	26671
6262	22142
7355	23230
9616	25465
9935	25779
10069	25910
10072	25913
9121	24977
6189	22069
6849	22728
6556	22436
7327	23203
6672	22552
9383	25235
8622	24484
9235	25090
10579	26414
7614	23487
10834	26668
8665	24526
10230	26070
6576	22456
7872	23742
6194	22074
6404	22284
8262	24126
8865	24726
9826	25673
8676	24537
6934	22812
9387	25239
10705	26539
7586	23459
7759	23631
7384	23259
7548	23421
11017	26849
10975	26807
7850	23721
8702	24563
8714	24575
8058	23925
10405	26243
9451	25303
9324	25178
8785	24646
10115	25956
10238	26077
6071	21951
10329	26167
6988	22866
10196	26036
9654	25502
8500	24362
8288	24152
7656	23529
10787	26621
6100	21980
10287	26126
9245	25100
9386	25238
10023	25864
11008	26840
9653	25501
9874	25719
9191	25046
8075	23941
10895	26728
7321	23197
7624	23497
6874	22753
9105	24961
9801	25649
6168	22048
8687	24548
7552	23425
8223	24088
8032	23900
7232	23109
9829	25675
7116	22993
10288	26127
7120	22997
10166	26006
6410	22290
10079	25920
7357	23232
7584	23457
9118	24974
6080	21960
7335	23210
9044	24901
6012	21892
9973	25752
10786	26620
9130	24985
10289	26128
8634	24495
7750	23622
8740	24601
10417	26255
8563	24425
6421	22301
8235	24100
8860	24721
8326	24190
7502	23375
9490	25341
8342	24206
8953	24811
10040	25881
8171	24036
9242	25097
8618	24480
7404	23278
8597	24459
6938	22816
8792	24653
10869	26703
10973	26805
10737	26571
9415	25267
7566	23439
7769	23641
6631	22511
8727	24588
11039	26870
6650	22530
8409	24273
6844	22723
7452	23326
7341	23216
10878	26712
9493	25344
6909	22787
6289	22169
9897	25741
6614	22494
7824	23695
10135	25975
6747	22626
6928	22806
8928	24750
7659	23532
7826	23697
9302	25156
10377	26215
7417	23291
9990	25832
6548	22428
7377	23252
7182	23059
6715	22595
6544	22424
9637	25486
9597	25446
8515	24377
7748	23620
10188	26028
8838	24699
7615	23488
10832	26666
10262	26101
8358	24222
8370	24234
7747	23619
9159	25014
7169	23046
9817	25664
6325	22205
9199	25054
7219	23096
10182	26022
7862	23733
6362	22242
10116	25957
9708	25556
9840	25686
10683	26517
7478	23351
8619	24481
9456	25308
8267	24131
10017	25858
9709	25557
9851	25696
7784	23656
9401	25253
9446	25298
6166	22046
7705	23578
6298	22178
8361	24225
8494	24356
9753	25601
7224	23101
10929	26761
8601	24463
7522	23395
6125	22005
6059	21939
7153	23030
6419	22299
6467	22347
10021	25862
8542	24404
6554	22434
10796	26630
6277	22157
9149	25004
6970	22848
10068	25909
7376	23251
8653	24514
9016	24874
8228	24093
7901	23770
6834	22713
8319	24183
8399	24263
10504	26341
6326	22206
7977	23845
9195	25050
8284	24148
9154	25009
6424	22304
8193	24058
9619	25468
6667	22547
8387	24251
10141	25981
10601	26436
9663	25511
7401	23276
10901	26734
7409	23283
9482	25333
8217	24082
10562	26398
8192	24057
8584	24446
7688	23561
6425	22305
7847	23718
8717	24578
7032	22910
8290	24154
6338	22218
9470	23835
9165	25020
10685	26519
5996	21876
7724	23596
6441	22321
9397	25249
6221	22101
9248	25103
9221	25076
10105	25946
8997	24855
7526	23399
6805	22684
8144	24009
7212	23089
9755	25603
8964	24822
7704	23577
9345	25198
7951	23819
10439	26277
8525	24387
7735	23607
7625	23498
11002	26834
7151	23028
6823	22702
7757	23629
7997	23865
6562	22442
9309	25163
7975	23843
10432	26270
7562	23435
9716	25564
8711	24572
9313	25167
8825	24686
6817	22696
10616	26451
9904	25748
6993	22871
10261	26100
7290	23166
9352	25205
9744	25592
9508	25359
7085	22963
8538	24400
8127	23992
6626	22506
6328	22208
6448	22328
6584	22464
10056	25897
10989	26821
7938	23806
10156	25996
8147	24012
7619	23492
11006	26838
9703	25551
7760	23632
10729	26563
8471	24334
9213	25068
7959	23827
7599	23472
9509	25360
6500	22380
7162	23039
7777	23649
9391	25243
9425	25277
10867	26701
8925	24785
7056	22934
10338	26176
7924	23792
9690	25538
10523	26360
7305	23181
8218	24083
9536	25386
7878	23748
9475	25326
6074	21954
10349	26187
6104	21984
8948	24806
8148	24013
8220	24085
9351	25204
9763	25611
10749	26583
9832	25678
6962	22840
8663	24524
10011	25852
9030	24888
6461	22341
10730	26564
8769	24630
7684	23557
10410	26248
10782	26616
8576	24438
8030	23898
6026	21906
8914	24774
7133	23010
7711	23584
7428	23302
7136	23013
8415	24279
8371	24235
6821	22700
8390	24254
10751	26585
9376	25228
8281	24145
6237	22117
7405	23279
7660	23533
9950	25793
8222	24087
7540	23413
9025	24883
10055	25896
7668	23541
9613	25462
8158	24023
9628	25477
10862	26696
7867	23738
10112	25953
8577	24439
6442	22322
7206	23083
8307	24171
9095	24951
8260	24124
7853	23724
9468	25320
8548	24410
7396	23271
7952	23820
9103	24959
8866	24727
7179	23056
9833	25679
7549	23422
10274	26113
10718	26552
11035	26866
6689	22569
7983	23851
9991	25833
7361	23236
10800	26634
9675	25523
7254	23131
6786	22665
6560	22440
8566	24428
10290	26129
7348	23223
7879	23749
10368	26206
6359	22239
8849	24710
9870	25715
7193	23070
6870	22749
9040	21989
7277	23153
6106	21986
7036	22914
10013	25854
9761	25609
6969	22847
6895	22773
7503	23376
8369	24233
8942	24801
6841	22720
7165	23042
6478	22358
10416	26254
10758	26592
9020	24878
9005	24863
8322	24186
6509	22389
8355	24219
10149	25989
7651	23524
6453	22333
9442	25294
10168	26008
9602	25451
7472	23345
9734	25582
8382	24246
10345	26183
9652	25500
8215	24080
7398	23273
8764	24625
7663	23536
10826	26660
7306	23182
9526	25376
9212	25067
10266	26105
7642	23515
9962	25805
8348	24212
9860	25705
6565	22445
10227	26067
9983	25825
10376	26214
9555	25405
9301	25155
10652	26486
6341	22221
8946	24804
7524	23397
8009	23877
9699	25547
6824	22703
8043	23910
8999	24857
7994	23862
10242	26081
6242	22122
8852	24713
10133	25973
9203	25058
9075	24932
6902	22780
8598	24460
6002	21882
8724	24585
6581	22461
7112	22989
8240	24105
6063	21943
6633	22513
9605	25454
10536	26373
7830	23701
7002	22880
6645	22525
6371	22251
7491	23364
9289	25143
10216	26056
6592	22472
7309	23185
6274	22154
8312	24176
8224	24089
6549	22429
6682	22562
8010	23878
7183	23060
7744	23616
6653	22533
9445	25297
9691	25539
10054	25895
9717	25565
10277	26116
6603	22483
7571	23444
6226	22106
10347	26185
6552	22432
7101	22978
8875	24736
6727	22607
8454	24317
7715	23174
9370	25223
11019	26851
9634	25483
9439	25291
9552	25402
8765	24626
6365	22245
8003	23871
6223	22103
7808	23679
8425	22951
8681	24542
6373	22253
6416	22296
7300	23176
7900	23769
10164	26004
9750	25598
10211	26051
8884	24745
6932	22810
7190	23067
6307	22187
10414	26252
8052	23919
7910	23779
6943	22821
9918	25762
7143	23020
6427	22307
7150	23027
9283	25137
7500	23373
11043	26874
6474	22354
6861	22740
10722	26556
6414	22294
6317	22197
9150	25005
6204	22084
8219	24084
10049	25890
10911	26744
10085	25926
8547	24409
9073	24930
9450	25302
7964	23832
8360	24224
6555	22435
10204	26044
6428	22308
9599	25448
10843	26677
9668	25516
8911	24771
7517	23390
9460	25312
6781	22660
8086	23952
10840	26674
9208	25063
10268	26107
6487	22367
10918	26751
6693	22573
9231	25086
10660	26494
8715	24576
6769	22648
7256	23133
10555	26392
9889	25733
6519	22399
8864	24725
8688	24549
10569	26404
9783	25631
6872	22751
8530	24392
8736	24597
6184	22064
8185	24050
10458	26296
8241	24106
6160	22040
9467	25319
7874	23744
8259	24123
9722	25570
10828	26662
7740	23612
9821	25668
7739	23611
9331	25185
10258	26097
7770	23642
7543	23416
8180	24045
10591	26426
8320	24184
10460	26298
6399	22279
6673	22553
7330	23206
10101	25942
7595	23468
10661	26495
10146	25986
10738	26572
11007	26839
6203	22083
8264	24128
8857	24718
9250	25105
10472	26309
6124	22004
6811	22690
8020	23888
10909	26742
8949	24807
10905	26738
6545	22425
8377	24241
8605	24467
9908	25752
8918	24778
7375	23250
10845	26679
10468	23002
7979	23847
9458	25310
10026	25867
6995	22873
9483	25334
6852	22731
9374	25226
7589	23462
10081	25922
7547	23420
8274	24138
6097	21977
10654	26488
7276	23152
6015	21895
6815	22694
9898	25742
7558	23431
7626	23499
8365	24229
9492	25343
9485	25336
10118	25959
9210	25065
7368	23243
6523	22403
10768	26602
7796	23668
8592	24454
6949	22827
7126	23003
8549	24411
6120	22000
10673	26507
9226	25081
10353	26191
6102	21982
10767	26601
9808	25656
9571	25421
10908	26741
8644	24505
7990	23858
7886	23755
10233	26072
7487	23360
10686	26520
6507	22387
7426	23300
10102	25943
6488	22368
6575	22455
9065	24922
8442	24305
7103	22980
8400	24264
8460	24323
10537	26374
8956	24814
10437	26275
8230	24095
10234	26073
10083	25924
8937	24796
10269	26108
8583	24445
10972	26804
8407	24271
8136	24001
8082	23948
6568	22448
9410	25262
8019	23887
9013	24871
9330	25184
8213	24078
8272	24136
6099	21979
7839	23710
7460	23333
7612	23485
10496	26333
10346	26184
7641	23514
7821	23692
10152	25992
6629	22509
10064	25905
8923	24783
7157	23034
9255	25110
6989	22867
6659	22539
8731	24592
6324	22204
7098	22975
11005	26837
7700	23573
6170	22050
6294	22174
6280	22160
11003	26835
8768	24629
10308	26147
10010	25851
7331	23207
9502	25353
8639	24500
10559	26396
6992	22870
10719	26553
8522	24384
9930	25774
8871	24732
7899	23768
10096	25937
8199	24064
6301	22181
10320	26159
8126	23991
9471	25322
6551	22431
7343	23218
8331	24195
8732	24593
7592	23465
6451	22331
10058	25899
7587	23460
9718	25566
6947	22825
6375	22255
6710	22590
6701	22581
8947	24805
7435	23309
6776	22655
10477	26314
8152	24017
10383	26221
10893	26726
10575	26410
7535	23408
8156	24021
8738	24599
9432	25284
8799	24660
7967	23835
8890	22880
7597	23470
10944	26776
9312	25166
9521	25372
9789	25637
7948	23816
8774	24635
6284	22164
7736	23608
8142	24007
10706	26540
10470	26307
8209	24074
8498	24360
6010	21890
10187	26027
8521	24383
9323	25177
8094	23960
10396	26234
6803	22682
6107	21987
10811	26645
7922	23790
10348	26186
8273	24137
6017	21897
10245	26084
10547	26384
9356	25209
10655	26489
7311	23187
6512	22392
8763	24624
9825	25672
6183	22063
6688	22568
8448	24311
6369	22249
7007	22885
8747	24608
7708	23581
7956	23824
9174	25029
8123	23988
8278	24142
10808	26642
9001	24859
9759	25607
6675	22555
7583	23456
6750	22629
8451	24314
9455	25307
10567	26402
7702	23575
6045	21925
9946	25789
8357	24221
10566	26401
9696	25544
10778	26612
8870	24731
10389	26227
10119	25960
9178	25033
9636	25485
8585	24447
10809	26643
7420	23294
7238	23115
10469	26306
7097	22974
9915	25759
8984	24842
10629	26463
7903	23772
7041	22919
8823	24684
10369	26207
10078	25919
7031	22909
10890	24913
8850	24711
9167	25022
9887	25731
7683	23556
8453	24316
7068	22946
8187	24052
10001	25843
8266	24130
8422	24286
9635	25484
9881	25725
6608	22488
10750	26584
10785	26619
8194	24059
7868	22577
10792	26626
6052	21932
7685	23558
10275	26114
8289	24153
7217	23094
7194	23071
7484	23357
8510	24372
8843	24704
10212	26052
6088	21968
9317	25171
10257	26096
6996	22874
6138	22018
6879	22758
8626	24488
6772	22651
7274	23150
9158	25013
10520	26357
7286	23162
9022	24880
6312	22192
7257	23134
10936	26768
9731	25579
10256	26095
6616	22496
8388	24252
10740	26574
6136	22016
8100	23966
6784	22663
10209	26049
7525	23398
9551	25401
6917	22795
9505	25356
8337	24201
9570	25420
8570	24432
7530	23403
7792	23664
6214	22094
9909	25753
8979	24837
6094	21974
10978	26810
6231	22111
6409	22289
8951	24809
8229	24094
10291	26130
8102	23968
10598	26433
6458	22338
9892	25736
9847	25692
8960	24818
10788	26622
10765	26599
6447	22327
10659	26493
8673	24534
6889	21904
10007	25848
9834	25680
8758	24619
9078	24935
10129	25969
8679	24540
10442	26280
8121	23986
7981	23849
10278	26117
7019	22897
9443	25295
9340	25193
7050	22928
6353	22233
7753	23625
7574	23447
6406	22286
6621	22501
6553	22433
7468	23341
10336	26174
8965	24823
7214	23091
9791	25639
8868	24729
8846	24707
6668	22548
10798	26632
10647	26481
7662	23535
6873	22752
10399	26237
10572	26407
7434	23308
10301	26140
10951	26783
9481	25332
9066	24923
8788	24649
8675	24536
6566	22446
8000	23868
8412	24276
8004	23872
6975	22853
6393	22273
6258	22138
9631	25480
9534	25384
9134	24989
6331	22211
8073	23939
8904	24764
10229	26069
10791	26625
9206	25061
8318	24182
8225	24090
7240	23117
6981	22859
8364	24228
8139	24004
10502	26339
8011	23879
8349	24213
8909	24769
7064	22942
10099	25940
6685	22565
10753	26587
7239	23116
6222	22102
9878	25723
9899	25743
8511	24373
8611	24473
8581	24443
7546	23419
6471	22351
7397	23272
8752	24613
6207	22087
6789	22668
8335	24199
9672	25520
8971	24829
6385	22265
8443	24306
8200	24065
9504	25355
7141	23018
8359	24223
7297	23173
10094	25935
7260	23137
10746	26580
10744	26578
7287	23163
6656	22536
6316	22196
6465	22345
9979	25821
9620	25469
8565	24427
9828	25674
8933	24792
8321	24185
6963	22841
8817	24678
9268	25123
10963	26795
9054	24911
10988	26820
7712	23585
9927	25771
6469	22349
7510	23383
10366	26204
10452	26290
7231	23108
8869	24730
6950	22828
7958	23826
6041	21921
8295	24159
9776	25624
8280	24144
10885	26719
7906	23775
7448	23322
6101	21981
9876	25721
6623	22503
6025	21905
6958	22836
7197	23074
10805	26639
8456	24319
8982	24840
6980	22858
9454	25306
8429	24292
11014	26846
10816	26650
7253	23130
9099	24955
8568	24430
6716	22596
6646	22526
7342	23217
10351	26189
9413	25265
7233	23110
7457	23330
7389	23264
7999	23867
7871	23741
9381	25233
7366	23241
10860	26694
10310	26149
9304	25158
10137	25977
6684	22564
10509	26346
7991	23859
10292	26131
10899	26732
9350	25203
6343	22223
8385	24249
8325	24189
7616	23489
6437	22317
6003	21883
10605	26440
7170	23047
7555	23428
8672	24533
9294	25148
8885	24746
8244	24108
10355	26193
9894	25738
10492	26329
10361	26199
6085	21965
9392	25244
8892	24752
7400	23275
6386	22266
6216	22096
9247	25102
8561	24423
8166	24031
7800	23672
10482	26319
9683	25531
7946	23814
8935	24794
7725	23597
11025	26857
8485	23436
6392	22272
8627	24489
6997	22875
9252	25107
10251	26090
6649	22529
8150	24015
10742	26576
7073	22951
8662	24523
6643	22523
6079	21959
9600	25449
9423	25275
8298	24162
10871	26705
7537	23410
8795	24656
10557	26394
9503	25354
9346	25199
6122	22002
9926	25770
7969	23837
8716	24577
10558	26395
6477	22357
6916	22794
9348	25201
9421	25273
10762	26596
7717	23589
7213	23090
10672	26506
7533	23406
9777	25625
10312	26151
9629	25478
6982	22860
9578	25428
10202	26042
7062	22940
9303	25157
7745	23617
8574	24436
9594	25443
8384	24248
8678	24539
9188	25043
8066	23933
10428	26266
9117	24973
9275	21937
9912	25756
10045	25886
6466	22346
10326	24277
10481	26318
10422	26260
9940	25783
8496	24358
10024	25865
9353	25206
6835	22714
6376	22256
9676	25524
10180	26020
9862	25707
11040	26871
10534	26371
8862	24723
10037	25878
9284	25138
10018	25859
10111	25952
8669	24530
10224	26064
7079	22957
7919	23787
9052	24909
9433	25285
10724	26558
7184	23061
8411	24275
7003	22881
7976	23844
6472	22352
7063	22941
6185	22065
7437	23311
10727	26561
10467	26305
10984	26816
7069	22947
8300	24164
10265	26104
7945	23813
9000	24858
10717	26551
6346	22226
10488	26325
10806	26640
8276	24140
6800	22679
6327	22207
9831	25677
8373	24237
6396	22276
10812	26646
9469	25321
8696	24557
8903	24763
9023	24881
7693	23566
8026	23894
9701	25549
9929	25773
7374	23249
10170	26010
10206	26046
10720	26554
9694	25542
7582	23455
7738	23610
8939	24798
6539	22419
9924	25768
6591	22471
10701	26535
8560	24422
9624	25473
10163	26003
10421	26259
7857	23728
8253	24117
7229	23106
8756	24617
6483	22363
7918	23786
8703	24564
