19452	42106
20824	43467
9095	31829
17977	40648
16603	39288
14427	37130
9137	31871
16825	39508
16000	38691
11624	34347
23377	45989
17835	40508
25500	48083
8712	31446
25930	48509
22676	45297
10504	33234
14522	37225
9945	32677
20975	43616
12948	35662
23673	46282
25533	48116
10502	33232
23132	45746
25736	48317
19253	41909
8941	31675
10166	32898
18595	41259
16884	39567
17651	40169
9660	32394
17425	40102
25709	48290
23688	46297
11449	34173
22031	44660
23327	45940
10073	32805
8459	31193
15515	38209
21849	44482
23720	46329
20209	42857
15246	37943
16442	39128
19588	42240
11451	34174
8654	31388
13510	36221
26150	48727
20011	42660
22646	45268
8283	31017
18309	40977
12825	35539
18574	41238
8611	31345
12386	35100
24745	47340
11630	34353
18771	41433
19203	41859
11328	34052
25650	48231
20323	42969
13350	36062
11349	34073
15167	37865
14382	37086
17742	40415
25799	48379
16903	39586
9350	32084
13260	35972
23339	45952
21891	44523
22851	45469
19169	41825
17020	39703
8975	31709
24114	46717
8714	31448
21924	44556
16856	39539
17759	40432
10444	33174
20006	42655
9210	31944
25955	48533
19347	42002
26807	49365
19560	42213
22707	45328
26800	49358
22643	45265
12389	35103
20556	43201
17949	40620
8788	31522
9191	31925
24917	47509
17614	40289
13300	36012
8067	30801
19826	42477
12519	35233
13719	36429
23797	46405
20592	43237
21648	44284
17827	40500
16034	38724
17378	40056
8931	31665
8407	31141
12601	35315
8671	31405
9808	32541
23633	46243
17575	40251
24117	46720
20932	43574
24865	47457
16100	38789
21365	44002
23080	45696
20755	43400
21940	44572
26354	48923
24562	47158
26551	49117
20274	42922
20438	43083
16508	39193
24102	46706
20361	43007
10416	33146
25109	47698
10260	32991
13255	35967
12055	34771
17208	39889
20453	43098
21428	44065
12142	34858
18656	41319
22747	45368
23826	46434
15743	38435
17933	40604
25274	47860
18404	41070
9340	32074
26512	49080
16084	38774
23380	45992
23597	46207
10068	32800
25548	35810
13945	36653
19427	42081
19150	41806
12766	35480
9981	32713
19031	41690
25788	48368
23743	46351
20414	43059
15447	38142
20566	43211
14978	37678
19167	41823
10590	33318
13296	36008
20799	43443
8284	31018
19562	42215
12054	34770
20003	42652
13594	36305
22026	44655
9789	32522
26777	49335
10529	33258
16773	39456
14555	37258
24274	46873
9687	32421
8174	30908
20349	42995
18371	41038
14310	37014
11190	33914
13973	36681
10537	33266
20396	43041
9295	32029
18791	41452
23590	46200
9039	31773
15639	38333
22582	45204
15845	38536
23078	45694
17052	39735
19806	42457
23690	46299
23943	46548
14538	37241
26686	49247
19052	41711
15794	38485
22501	45123
15391	38086
18265	40933
25873	48452
22345	44969
10935	33661
11352	34076
12850	35564
21530	44167
26104	48682
24697	47292
21265	43904
11275	33999
17564	40240
18043	40713
16855	39538
23414	46026
10425	33155
8240	30974
14290	36994
18420	41086
13831	36539
25359	47943
8451	31185
23325	45938
10985	33710
13440	36151
26203	48776
11286	34010
9046	31780
21943	44575
16971	39654
13097	35810
20811	43455
11018	33743
19326	33801
19371	35516
24124	46727
8827	31561
15685	38378
13866	36574
9456	32190
8613	31347
19485	42138
21777	44411
17687	40361
20543	43188
12957	35671
26219	48792
17984	40655
22103	44732
15294	37990
12515	35229
8311	31045
12345	35059
26419	48988
14028	36735
21036	43677
13955	36663
25331	47916
18838	41498
18321	40989
18055	40725
20873	43516
9707	32441
15691	35226
23276	45889
24993	47585
8787	31521
17901	40572
16712	39397
9270	32004
16195	38884
19491	42144
18463	40002
22434	45056
11805	34525
18694	41357
9373	32107
11033	33758
25483	48066
14808	37510
18096	40766
22430	45052
17281	39960
24335	46934
17903	40574
12680	35394
19155	41811
11633	34356
12995	35709
24715	47310
17272	39951
19449	42103
21203	43843
18064	40734
9611	32345
8835	31569
8952	31686
25126	47714
11173	33897
17312	39990
18284	40952
23047	45663
14893	37593
18548	41212
8549	31283
13465	36176
12111	34827
20309	42955
9272	32006
17049	39732
14119	36826
23731	46339
20158	42806
18646	41309
13578	36289
9203	31937
9291	32025
24408	47005
13239	35951
19372	42026
21080	43721
22134	44762
18471	41135
11182	33906
16401	39087
23870	46478
10692	33420
20486	43131
19840	42491
23659	46268
24752	47347
24459	47056
20338	42984
13584	36295
16122	38811
12226	34941
24043	46648
9401	32135
25322	47907
14763	37465
16618	39303
9428	32162
25862	48441
12823	35537
9845	32577
18226	40894
15559	38253
16503	39188
22022	44651
23707	46316
25657	48238
10806	33532
22910	45527
12146	34862
20305	42951
11379	34103
25201	47789
23442	46054
25810	48390
22325	44949
12609	35323
26434	49003
25798	48378
13568	36279
23983	46588
22171	44798
25421	48005
15010	37710
9972	32704
12936	35650
16081	38771
18840	41500
15710	38402
9908	32640
17393	40070
13860	36568
12542	35256
14277	36981
15959	38650
8155	30889
13351	36063
9923	32655
21841	44474
11956	34673
22964	45581
22054	44683
8697	31431
19688	42340
15316	38012
23424	46036
24590	47186
15068	37767
17197	39878
12700	35414
24873	47465
16048	38738
8607	31341
16011	38701
22682	45303
8261	30995
26712	49272
23819	46427
11429	34153
26112	48690
13009	35723
12876	35590
22825	45443
10104	32836
23020	45636
18600	41264
12040	34756
24900	47492
17440	40117
14462	37165
24674	47269
23475	46086
17988	40659
20490	43135
20943	43585
10076	32808
26669	49230
17918	40589
15907	38598
15154	37853
14202	36908
13544	36255
19914	42563
17645	40320
12001	34717
11720	34440
26260	48833
18012	40682
22895	45512
20336	42982
11515	34238
21143	43783
13304	36016
15643	38337
18831	41491
10047	32779
15989	38680
12084	34800
10096	32828
11495	34218
22232	44857
8891	31625
20131	42779
11767	34487
18024	40694
16617	39302
18667	41330
15868	38559
8934	31668
24145	46748
12569	35283
10411	33141
15163	33468
16646	39331
10575	33304
17090	39773
25412	47996
19298	41954
8390	31124
14518	37221
8217	30951
9265	31999
21728	44363
24545	47141
9502	32236
21512	44149
13691	36401
16233	38922
14579	37282
20094	42742
12002	34718
14372	37076
22187	44813
26189	48763
11822	34542
13580	36291
8961	31695
10681	33409
23745	46353
14468	37171
12357	35071
26835	49390
14576	37279
17198	39879
25192	47780
13980	36688
22362	44984
14244	36949
13126	35839
19193	41849
14735	37437
23594	46204
11703	34424
23732	46340
8453	31187
16431	39117
11818	34538
8881	31615
8968	31702
17611	40286
22752	45372
9748	32482
13804	36513
18710	41373
13251	35963
20886	43529
20878	43521
15313	38009
18212	40880
10457	33187
18202	40871
25601	48182
14326	37030
16521	39206
12720	35434
25360	47944
13559	36270
8273	31007
14988	37688
21551	44188
13679	36390
8489	31223
21955	44587
15918	38609
21423	44060
9444	32178
8348	31082
17577	40253
13853	36561
18456	41122
25268	47854
16944	39627
20126	42774
13301	36013
20714	43359
15927	38618
12495	35209
25037	47629
15803	38494
16537	39222
10951	33676
17674	40348
18199	40868
11294	34018
25001	47593
19981	42630
9411	32145
9471	32205
13620	36331
15537	38231
14593	37296
9138	31872
12769	35483
26619	49183
13864	36572
18218	40886
18918	41578
15051	37750
25087	47676
13129	35842
8924	31658
23070	45686
18943	41603
10442	33172
8068	30802
20838	43481
9410	32144
25198	47786
26523	49091
18833	41493
21917	44549
18115	40784
26409	48978
21481	44118
17322	40000
8275	31009
11709	34430
19942	42591
14985	37685
24290	46889
12201	34916
10244	32976
13473	36184
8794	31528
24113	46716
22466	45088
20527	43172
9726	32460
25355	47939
17146	39827
20138	42786
14915	37615
16139	38828
11320	34044
10203	32935
26855	49410
18815	41475
26662	49223
17548	40224
8373	31107
23942	46547
12476	35190
14702	37405
20018	42667
11332	34056
9959	32691
14362	37066
19327	41982
23898	46504
11199	33923
11407	34131
14498	37201
11556	34279
20074	42723
18224	40892
8229	30963
22156	42240
24974	47566
9460	32194
23274	45887
12986	35700
8478	31212
10637	33365
19777	42428
23981	46586
23159	45773
16033	38723
21742	44377
18763	41425
18982	41642
26744	49303
13085	35799
23522	46133
17746	40419
23010	45626
21249	43888
26371	48940
24801	47395
26037	48615
22805	45424
12119	34835
10781	33507
17205	39886
25582	48163
22090	44719
12972	35686
14765	37467
21429	44066
14080	36787
15244	37941
23843	46451
22283	44908
15653	38347
21167	43807
9343	32077
11682	34404
21553	33660
23101	45716
23999	46604
19833	42484
24344	46943
17418	40095
23437	46049
25751	48332
19017	41677
9248	31982
19889	42539
17991	40662
21109	43750
21213	43853
23166	45780
8263	30997
15737	38429
24315	46914
15227	37924
24689	47284
12149	34865
14215	36920
11809	34529
24424	47021
18052	40722
15936	38627
8193	30927
23674	46283
22339	44963
18091	40761
11367	34091
12977	35691
15088	37787
14000	36708
16939	39622
25504	48087
19958	42607
17285	39964
12595	35309
24690	47285
11750	34470
12670	35384
22490	45112
11972	34688
15264	37961
11746	34466
25237	47825
22717	45338
21546	44183
12176	34891
19979	42628
22355	44977
13537	36248
12004	34720
15999	38690
18510	41174
11692	34414
18452	41118
10625	33353
12138	34854
20537	43182
24978	47570
10614	33342
20747	43392
26355	48924
13707	36417
23386	45998
12632	35346
20277	42925
21509	44146
16875	39558
8402	31136
21975	44606
11963	33748
21952	44584
16600	39285
25379	47963
9125	31859
25603	48184
8738	31472
22732	45353
25538	48121
20068	42717
10946	33671
26649	49212
20708	43353
13920	36628
20443	43088
22668	45289
21263	43902
14292	36996
13378	36090
14403	37106
22596	45218
12308	35022
13358	36070
12603	35317
8188	30922
25429	48013
14664	37367
16962	39645
15618	38312
23006	45622
21252	43891
23334	45947
8309	31043
26717	49276
14748	37450
22437	45059
16186	38875
24231	46832
9668	32402
14179	36885
18304	40972
20350	42996
18145	40814
23812	46420
26323	48893
18206	40750
19224	41880
21894	44526
12338	35052
21072	43713
22794	45414
13589	36300
23952	46557
14459	37162
16216	38905
24062	46667
21010	43651
8647	31381
19229	41885
23801	46409
8305	31039
9720	32454
18274	40942
19185	41841
18622	41285
18006	40677
10241	32973
16486	39171
24334	46933
25096	47685
9063	31797
16677	39362
19231	41887
26538	49105
17332	40010
9546	32280
17246	39927
8131	30865
14481	37184
12022	34738
19905	42555
20760	43405
23844	46452
13761	36470
13355	36067
17589	40265
20457	43102
14229	36934
10628	33356
21305	43943
9157	31891
9867	32599
24541	47137
26753	49312
13511	36222
18297	40965
16832	39515
15520	38214
26638	49201
10621	33349
18345	41012
18476	41140
18229	40897
24527	47123
20444	43089
19432	42086
13939	36647
18499	41163
12866	35580
16175	38864
24902	47494
10258	32989
14441	37144
17862	40534
13935	36643
22375	44997
13433	36144
25959	48537
22073	44702
25509	48092
8374	31108
11041	33766
17704	40378
14346	37050
16241	38930
17784	40457
21480	44117
13394	36106
14637	37340
11146	33871
16527	39212
20008	42657
9143	31877
24491	47088
9201	31935
15762	38454
26139	48716
22890	45507
9912	32644
8569	31303
25440	48024
11398	34122
8877	31611
23653	46262
22050	44679
18866	41526
19512	42165
26211	48784
25595	48176
22569	45191
25499	48082
10184	32916
13372	36084
11655	34378
24857	47449
15917	38608
15357	38052
12556	35270
16622	39307
13120	35833
23095	45710
20404	43049
9836	32568
23638	46248
24368	46967
22487	45109
26407	48976
21454	44091
16704	39389
21957	44589
23907	46513
24356	46955
15401	38096
21358	43995
19831	42482
16656	39341
19109	41765
23853	46461
19054	41712
16144	38833
18449	41115
19110	41766
10805	33531
14143	36850
25453	48037
10199	32931
8238	30972
15797	38488
17415	40092
17869	40541
9078	31812
10929	33655
26046	48624
18208	40876
11090	33815
23606	46216
20647	43292
16172	38861
23766	46374
16505	39190
22546	45168
9763	32497
16136	38825
15058	37757
13859	36567
20093	42741
17522	40198
8182	30916
15879	38570
26521	49089
11662	34384
20184	42832
20240	42888
14419	37122
8883	31617
21828	44461
17907	40578
21584	44220
19824	42475
22648	45270
8876	31610
9329	32063
15022	37722
21625	44261
15325	38021
16719	39404
22126	44754
20870	43513
19319	41975
15200	37898
8856	31590
24239	46839
9956	32688
17768	40441
26609	49173
23611	46221
12132	34848
9764	32498
13004	35718
15266	37963
15346	38041
15297	37993
22841	45459
11965	34681
11888	34606
8445	31179
14871	37571
15488	38183
24247	46847
13391	36103
25441	48025
12786	35500
24244	46844
16673	39358
9149	31883
19699	42351
22376	44998
24093	46697
20791	43435
11978	34694
18903	41563
19554	42207
13843	36551
19771	42422
22349	44972
20947	43588
18285	40953
11223	33947
8677	31411
13595	36306
8094	30828
17657	40331
11167	33891
15501	38195
15547	38241
15221	37918
24457	47054
26238	48811
22419	45041
22605	45227
9964	32696
15398	38093
19037	41696
22950	45567
22228	44853
24750	47345
9807	32540
13409	36120
19342	41997
21436	44073
9739	32473
24821	47414
10343	33073
22513	45135
25332	47917
26739	49298
14791	37493
22944	45561
15872	38563
10986	33711
8621	31355
25839	48419
8371	31105
21561	44197
25376	47960
22612	45234
22143	44771
10378	33108
12932	35646
10746	33474
20083	42731
17432	40109
15764	38456
12729	35443
11907	34625
12072	34788
24618	47213
15083	37782
10657	33385
17523	40199
8899	31633
22746	45367
23949	46554
22066	44695
17866	40538
19584	42236
9173	31907
19947	42596
19888	42538
23109	45724
19855	42505
16576	39261
25113	47701
24761	47356
10759	33487
19535	42188
14006	36713
10112	32844
25525	48108
26697	49258
20001	42650
13137	35850
11118	33843
24289	46888
10962	33687
15120	37819
15956	38647
21227	43867
18070	40740
26196	48770
17441	40118
21316	43954
16992	39675
15213	37910
13275	35987
23042	45658
23536	46147
17232	39913
25246	47834
12465	35179
17359	40037
9594	32328
24845	47438
21455	44092
14371	37075
8231	30965
15339	38034
16966	39649
15136	37835
15135	37834
16900	39583
16330	39018
20909	43552
14168	36875
23840	46448
13738	36447
20681	43326
13453	36164
16441	39127
21451	44088
23157	45771
14038	36745
21804	44438
18087	40757
22626	45248
20833	43476
19515	42168
13363	36075
13822	36530
20963	43604
8563	31297
14734	37436
17264	39943
10795	33521
20591	43236
18822	41482
13400	36112
26743	49302
22906	45523
24323	46922
13558	36269
15380	38075
9556	32290
26341	48911
17473	40150
21235	43874
8312	31046
8920	31654
9301	32035
15751	38443
17923	40594
19847	42498
21685	44321
16526	39211
15026	37726
18103	40773
15059	37758
23176	45790
25387	47971
9661	32395
21717	44352
20751	43396
26239	48812
8161	30895
11080	33805
24529	47125
15474	38169
14428	37131
14581	37284
9667	32401
25255	47843
13315	36027
25625	48206
10123	32855
12834	35548
18353	41020
14917	37617
9398	32132
25050	47642
10623	33351
14598	37301
22818	45437
21706	44341
23460	46071
17618	40293
21414	44051
16491	39176
17437	40114
13773	36482
13600	36311
11463	34186
23566	46177
21433	44070
22465	45087
14108	36815
25276	47862
16044	38734
9034	31768
15139	37838
25598	48179
11719	34439
11259	33983
16767	39450
18794	41455
13053	35767
26322	48892
23581	46191
14573	37276
23563	46174
11848	34568
17065	39748
21296	43935
17897	40568
13865	36573
15728	38420
9121	31855
21667	44303
14165	36872
12296	35010
8055	30789
25888	48467
21505	44142
9120	31854
17967	40638
26002	48580
12325	35039
17209	39890
22406	45028
8075	30809
9684	32418
16420	39106
16416	39102
23491	46102
16645	39330
22083	44712
8530	31264
11272	33996
25986	48564
14088	36795
17338	40016
21435	44072
24631	47226
12799	35513
22820	32949
21879	44511
9128	31862
8335	31069
10367	33097
10291	33022
15500	38194
19522	42175
9375	32109
9322	32056
17372	40050
12933	35647
18915	41575
9050	31784
12255	34970
26164	30901
8437	31171
17305	39983
19810	42461
14300	37004
23366	45978
21371	44008
22504	45126
8905	31639
19489	42142
15912	38603
11362	34086
19561	42214
10453	33183
26287	48860
13554	36265
17453	40130
9576	32310
22514	45136
19012	41672
25348	47933
25979	48557
13928	36636
22738	45359
25019	47611
22633	45255
8940	31674
22256	44881
13180	35893
16969	39652
25302	47887
26716	49275
17948	40619
23913	46519
11142	33867
9634	32368
23773	46381
9612	32346
18567	41231
17365	40043
24960	47552
24112	46715
24805	47399
22150	44778
10738	33466
21311	43949
24526	47122
18955	41615
18120	40789
10491	33221
20849	43492
24376	46974
23507	46118
15065	37764
14687	37390
25705	48286
14334	37038
23445	46057
19825	42476
19930	42579
26373	48942
26621	49185
19321	41977
15280	37976
13057	35771
15614	38308
9025	31759
24608	47204
15428	38123
9632	32366
20238	42886
22637	45259
12091	34807
12735	35449
23779	46387
12232	34947
9400	32134
13381	36093
15086	37785
26780	49338
16607	39292
12354	35068
8638	31372
17979	40650
18390	41056
10463	33193
25202	47790
25714	48295
20675	43320
10903	33629
24233	46834
21838	44471
10562	33291
22618	45240
11564	34287
22765	45385
23677	46286
16528	39213
9489	32223
24018	46623
14436	37139
10194	32926
26262	48835
10900	33626
22039	44668
9948	32680
17404	40081
23837	46445
13734	36443
10919	33645
23488	46099
15576	38270
21291	43930
25121	47709
9199	31933
13981	36689
22837	45455
17502	40178
17046	39729
21079	43720
21910	44542
10977	33702
18756	41418
21778	44412
11254	33978
18691	41354
11448	34172
23023	45639
23297	45910
18708	41371
22531	45153
15627	38321
11645	34368
16245	38934
10383	33113
9422	32156
8592	31326
11808	34528
8828	31562
24163	46766
12578	35292
17543	40219
16675	39360
25545	48127
12397	35111
19894	42544
22475	45097
9380	32114
8428	31162
21905	44537
8942	31676
22760	45380
25308	47893
14913	37613
12062	34778
24360	46959
23027	45643
23072	45688
19218	41874
11228	33952
14127	36834
10035	32767
18431	41097
19313	41969
9497	32231
8116	30850
8840	31574
10922	33648
15572	38266
26158	48735
8072	30806
22723	45344
21559	44195
14216	36921
21137	43777
16277	38965
10902	33628
15069	37768
14641	37344
11546	34269
10038	32770
15506	38200
26507	49075
8106	30840
22556	45178
12203	34918
26209	48782
19329	41984
9178	31912
25075	47664
17113	39796
14141	36848
11226	33950
24061	46666
19363	42018
12181	34896
10518	33248
21855	44488
24779	47374
20951	43592
17987	40658
15259	37956
22843	45461
13667	36378
9581	32315
20062	42711
25183	47771
10658	33386
26337	48907
12422	35136
24579	47175
23994	46599
16690	39375
13044	35758
24107	46710
9896	32628
12016	34732
24243	46843
17131	39812
23899	46505
20753	43398
19238	41894
25506	48089
19918	42567
15238	37935
24576	47172
11348	34072
17876	40538
25821	48401
14361	37065
13727	36436
12473	35187
16968	39651
9682	32416
15566	38260
10994	33719
21973	44604
15300	37996
14330	37034
22535	45157
17465	40142
22976	45593
13572	36283
13040	35754
20611	43256
18940	41600
12342	35056
21360	43997
20935	43577
21082	43723
18398	41064
22528	45150
26278	48851
19478	42131
15171	37869
20252	42900
13482	36193
13635	36346
8853	31587
24728	47323
11712	34433
22013	31538
24514	47110
14929	37629
12695	35409
17804	40477
26096	48674
8733	31467
21644	44280
12672	35386
24083	46687
14932	37632
13563	36274
9253	31987
18765	41427
12141	34857
20735	43380
21295	43934
24990	47582
15771	38463
12527	35241
9431	32165
25687	48268
26213	48786
10088	32820
20467	43112
12605	35319
12177	34892
17520	40196
13067	35781
12631	35345
16927	39610
16531	39216
9065	31799
15933	38624
8665	31399
23492	46103
23479	46090
9522	32256
18182	40851
22101	44730
18529	41193
9587	32321
25442	48026
19683	42335
19434	42088
23360	45972
14047	36754
18405	41071
23738	46346
15776	38467
15828	38519
10402	33132
20845	43488
15384	38079
25380	47964
15972	38663
24824	47417
21470	44107
24012	46617
25563	48144
16766	39449
13176	35889
24481	47078
19772	42423
11975	34691
22385	45007
12482	35196
26677	49238
21600	44236
9922	32654
10064	32796
22416	45038
12466	35180
8318	31052
13541	36252
19582	42234
24510	47106
21558	44194
23910	46516
22226	44851
19600	42252
9119	31853
22675	45296
9220	31954
25317	47902
11589	34312
22829	45447
14663	37366
12206	34921
26544	49110
9290	32024
20759	43404
24725	47320
16981	39664
19291	41947
25969	48547
13311	36023
13438	36149
14594	37297
15587	38281
15425	38120
18078	40748
15978	38669
22722	45343
15932	38623
25699	48280
20185	42833
26532	49099
12170	34885
15193	37891
26215	48788
9200	31934
20111	42759
12969	35683
18311	40979
17054	39737
8644	31378
24700	47295
12975	35689
9102	31836
16769	39452
19123	41779
24592	47188
17290	39969
11482	34205
20210	42858
18455	41121
25878	48457
9324	32058
18716	41379
24379	46977
26518	49086
24984	47576
25748	48329
25694	48275
10167	32899
26723	49282
24413	47010
15603	38297
9135	31869
14325	37029
15724	38416
11664	34386
10389	33119
14898	37598
14852	37553
9878	32610
23562	46173
26271	48844
10481	33211
15943	38634
18888	41548
13641	36352
14015	36722
13812	36520
21993	44624
16835	39518
11758	34478
20227	42875
9584	32318
21406	44043
20190	42838
23130	45744
22741	45362
16466	39151
25708	48289
25626	48207
20852	43495
18106	40776
8141	30875
20848	43491
17235	39916
13813	36521
13852	36560
9523	32257
9593	32327
17938	40609
16244	38933
20895	43538
21519	44156
26574	49140
25901	48480
8485	31219
19426	42080
14960	37660
9294	32028
20173	42821
10433	33163
18164	40833
22014	44643
11106	33831
19526	42179
25644	48225
23852	46460
15599	38293
23784	46392
13820	36528
10066	32798
23099	45714
22601	45223
14764	37466
10351	33081
17603	40278
16716	39401
23056	45672
17745	40418
26830	49385
10554	33283
12341	35055
10947	33672
20699	43344
16724	39408
8617	31351
8571	31305
16426	39112
15621	38315
19551	42204
12193	34908
19495	42148
10363	33093
18811	41471
26408	48977
17274	39953
8146	30880
8707	31441
18886	41546
24359	46958
12935	35649
17352	40030
23314	45927
13063	35777
20561	43206
24140	46743
21478	44115
12305	35019
19882	42532
11953	34670
19384	42038
8547	31281
13774	36483
19788	42439
26014	48592
23504	46115
17996	40667
18169	40838
14715	37417
25932	48511
24544	47140
11192	33916
22649	45271
9942	32674
17891	40562
26027	48605
15687	38380
9823	32555
22100	44729
15964	38655
19354	42009
16633	39318
26793	49351
9335	32069
24992	47584
14161	36868
23499	46110
14682	37385
16450	39136
15236	37933
13549	36260
11464	34187
25329	47914
20521	43166
22136	44764
24683	47278
16967	39650
11445	34169
10164	32896
18478	41142
24143	46746
23617	46227
25988	48566
20149	42797
17799	40472
16845	39528
18116	40785
16348	39035
16553	39238
19004	41664
14174	36880
17619	40294
24705	47300
26335	48905
25946	48524
16399	39085
18985	41645
10102	32834
9631	32365
24896	47488
20544	43189
10602	33330
16473	39158
26344	43278
16477	39162
14648	37351
25406	47990
22489	45111
9382	32116
9757	32491
22621	45243
20089	42737
19745	42397
19940	42589
20586	43231
14483	37186
16659	39344
11795	34515
14026	36733
13603	36314
15667	38361
25845	48425
15143	37842
18317	40985
14405	37108
12018	34734
11433	34157
12872	35586
18914	41574
25363	47947
22243	44868
14341	37045
22497	45119
21278	43917
15834	38525
21596	44232
23828	46436
21362	43999
22266	44891
18247	40915
11378	34102
20780	43424
10501	33231
21797	44431
20944	43586
20517	43162
22121	44750
9155	31889
15175	37873
19237	41893
11066	33791
18563	41227
20892	43535
20576	43221
24957	47549
24788	47383
18015	40685
23516	46127
25794	48374
17842	40515
10159	32891
8102	30836
12252	34967
12405	35119
9280	32014
21732	44367
22474	45096
25834	48414
18515	41179
9875	32607
26078	48656
24698	47293
24030	46635
12709	35423
25125	47713
9842	32574
10585	30865
13447	36158
15223	37920
16218	38907
14623	37326
11110	33835
25931	48510
21219	43859
20034	42683
17282	39961
9691	32425
18474	41138
22930	45547
15378	38073
24490	47087
21704	44339
14129	36836
11302	34026
21763	44397
14831	37532
25098	47687
9234	31968
16757	39440
18259	40927
10609	33337
22599	45221
19504	42157
19883	42533
11807	34527
9245	31979
8325	31059
20247	42895
25921	48500
17939	40610
19103	41759
10092	32824
19396	42050
21409	44046
25235	47823
15127	37826
19684	42336
18784	41445
25652	48233
18219	40887
21101	43742
14501	37204
16551	39236
20422	43067
16435	39121
11565	34288
24980	47572
8540	31274
18282	40950
13806	36515
9989	32721
16848	39531
16402	39088
20585	43230
10236	32968
9946	32678
10553	33282
11253	33977
20905	43548
11438	34162
22915	45532
11973	34689
17570	40246
15727	38419
18356	41023
18492	41156
24412	47009
13323	36035
17101	39784
19307	41963
24161	46764
26190	48764
20437	43082
25193	47781
11333	34057
22740	45361
17489	40166
17284	39963
8705	31439
18313	40981
11696	34417
8227	30961
16964	39647
9317	32051
13235	35947
13639	36350
21875	44507
8572	31306
15299	37995
26300	48872
9441	32175
11068	33793
15031	37731
25157	47745
26570	49136
21496	44133
14018	36725
22656	45278
16001	38692
17329	40007
26395	48964
23383	45995
13265	35977
14336	37040
19767	36675
8774	31508
25008	47600
11776	34496
17170	39851
15974	38665
9384	32118
19664	42316
18417	41083
11225	33949
22386	45008
15865	38556
19639	42291
13560	36271
9848	32580
9308	32042
15712	38404
26620	49184
26565	49131
8743	31477
20244	42892
16339	39027
13054	35768
12634	35348
15234	37931
14738	37440
18363	41030
14443	37146
15524	38218
24276	46875
10212	32944
8421	31155
8606	31340
23924	46530
14675	37378
12628	35342
9745	32479
8745	31479
10787	33513
11377	34101
14568	37271
8057	30791
12312	35026
11055	33780
20193	42841
21713	44348
18031	40701
20248	42896
17728	40401
26149	48726
25712	48293
8951	31685
26405	48974
15456	38151
20333	42979
24497	47093
9618	32352
11518	34241
22236	44861
22874	45492
8747	31481
20524	43169
12265	34979
10557	33286
14296	37000
21126	43766
18616	41279
9737	32471
21136	43776
25021	47613
12102	34818
11408	34132
14672	37375
12322	35036
25422	48006
9590	32324
11914	34632
20055	42704
16468	39153
25907	48486
9830	32562
25460	48044
15615	38309
11947	34664
22624	45246
11555	34278
8121	30855
17275	39954
24188	46791
14942	37642
16340	39028
19614	42266
16224	38913
12683	35397
16661	39346
20638	43283
17476	40153
25383	47967
22106	44735
10988	33713
21349	43987
16040	38730
16498	39183
9015	31749
23069	45685
24918	47510
8179	30913
21536	44173
26654	49217
16689	39374
14911	37611
21936	44568
12169	34884
25456	48040
9131	31865
26561	49127
12754	35468
11161	33885
12914	35628
23009	45625
21673	44309
12187	34902
18376	41043
14619	37322
11455	34178
26833	49388
24737	47332
22671	45292
17685	40359
21824	44458
9714	32448
12851	35565
12401	35115
23482	46093
20570	43215
20580	43225
15548	38242
25995	48573
13782	36491
18827	41487
22473	45095
20569	43214
18336	41004
18167	40836
25744	48325
20413	43058
21738	44373
20520	43165
18757	41419
8944	31678
13263	35975
19848	42499
10744	33472
23727	46335
24783	47378
10431	33161
24915	47507
21815	44449
22856	45474
23394	46006
22177	44804
24168	46771
26596	49161
19546	42199
20377	43022
15199	37897
19209	41865
14043	36750
17847	40520
15393	38088
23342	45955
19122	41778
26611	49175
22967	45584
8410	31144
25041	47633
15317	38013
10606	33334
12385	35099
21853	44486
16577	39262
17495	33400
25094	47683
21933	44565
17345	40023
11925	34643
22168	44795
20965	43606
8108	30842
16338	39026
15365	38060
15057	37756
15446	38141
12147	34863
22572	45194
12675	35389
15533	38227
22991	45607
13490	36201
14166	36873
17601	40276
16137	38826
15046	37745
22792	45412
15231	37928
25135	47723
15975	38666
21464	44101
13830	36538
20057	42706
22779	45399
23867	46475
15622	38316
22486	45108
10945	32293
13616	36327
17145	39826
22872	45490
11849	34569
15196	37894
24798	47392
12551	35265
16246	38935
23289	45902
9899	32631
20192	42840
13832	36540
9790	32523
15785	38476
14380	37084
10126	32858
11389	34113
19887	42537
25594	48175
26568	49134
14858	37559
15925	38616
26804	49362
14772	37474
25063	47654
13591	36302
11271	33995
9028	31762
25264	47850
14564	37267
20344	42990
17642	40317
14411	37114
13041	35755
23922	46528
23104	45719
18013	40683
23185	45799
8947	31681
8904	31638
11452	34175
25039	47631
8281	31015
24872	47464
21771	44405
15522	38216
22034	44663
20740	43385
24894	47486
22541	45163
11180	33904
16608	39293
11316	34040
21076	43717
24542	47138
11713	34434
15969	38660
15320	38016
23063	45679
9387	32121
23918	46524
16005	38695
25983	48561
19874	42524
24264	46864
22360	44982
25526	48109
18507	41171
20421	43066
11604	34327
24746	47341
13925	36633
26656	49218
11338	34062
8148	30882
25891	48470
9928	32660
15581	38275
9117	31851
9708	32442
23616	46226
21373	44010
25384	47968
10154	32886
20769	43413
23686	46295
9090	31824
25416	48000
24850	47442
13305	36017
19648	42300
13140	35853
19379	42033
13100	35813
12267	34981
17356	40034
23849	46457
16310	38998
23711	46320
25540	48122
17337	40015
16843	39526
19067	41723
21021	43662
14397	37100
10756	33484
18222	40890
19089	41745
21147	43787
17607	40282
26643	49206
17761	40434
14939	37639
22030	44659
11705	34426
22826	45444
25013	47605
24568	47164
21107	43748
16484	39169
9118	31852
8098	30832
9146	31880
9561	32295
13427	36138
11611	34334
20036	42685
21666	44302
8812	31546
15778	38469
21658	44294
8554	31288
16163	38852
15859	38550
19500	42153
24288	46887
25389	47973
25768	48349
9734	32468
20235	42883
21703	44338
20498	43143
22968	45585
15471	38166
24386	46984
19127	41783
21560	44196
21539	44176
15282	37978
17119	36921
26495	49064
9801	32534
14967	37667
18338	41006
8381	31115
12659	35373
22372	44994
12809	35523
15696	38388
11526	34249
19236	41892
24270	46869
22743	45364
15024	37724
11535	34258
18961	41621
14822	37524
8544	31278
14399	37102
13198	35910
10295	33026
11557	34280
13931	36639
9038	31772
16123	38812
11839	34559
18887	41547
10216	32948
20298	42803
10371	33101
24054	46659
19306	41962
16982	39665
10849	33575
11201	33925
21234	43873
17921	40592
20930	43572
16502	39187
18466	41130
23320	45933
25629	48210
21941	44573
11896	34614
13475	36186
12745	35459
13339	36051
8965	31699
17452	40129
26091	48669
14657	37360
21765	44399
25517	48100
11929	34647
21255	43894
14963	37663
12344	35058
22515	45137
21100	43741
11498	34221
14404	37107
10354	33084
20076	42725
21035	43676
26326	48896
10782	33508
17724	40397
20351	42997
17214	39895
23081	45697
8123	30857
11169	33893
18443	41109
17010	39693
24136	46739
18844	41504
10726	33454
13677	36388
20831	43474
19712	42364
9702	32436
14711	37414
14218	36923
21197	43837
11927	34645
9346	32080
25841	48421
21572	44208
13678	36389
19050	41709
17270	39949
15455	38150
21187	43827
18877	41537
9388	32122
24024	46629
19433	42087
22961	45578
16589	39274
18142	40811
9212	31946
18268	40936
12625	35339
26828	49384
22364	44986
25677	48258
13173	35886
15478	38173
24001	46606
15645	38339
16940	39623
25678	48259
11004	33729
12776	35490
21517	44154
17701	40375
22494	45116
14416	37119
20115	42763
26019	48597
18003	40674
9765	32499
13319	36031
11211	33935
14812	37514
13868	36576
9679	32413
19118	41774
18697	41360
23239	45853
20777	43421
13493	36204
14492	37195
20222	42870
10536	33265
17636	40311
16512	39197
9193	31927
23518	46129
20386	43031
18539	41203
9214	31948
18566	41230
13269	35981
9569	32303
24091	46695
18481	41145
16388	39074
21241	43880
18016	40686
21524	44161
17698	40372
10267	32998
8274	31008
17478	40155
12791	35505
9356	32090
26448	49017
9751	32485
11843	34563
21328	43966
10172	32904
19369	42024
15130	37829
19667	42319
15047	37746
20135	42783
19080	41736
11357	34081
17260	39939
10909	33635
11419	34143
10705	33433
22312	44937
17420	40097
15543	38237
9383	32117
22865	45483
14896	37596
20174	42822
25766	48347
24848	47441
25203	47791
19212	41868
10508	33238
23281	45894
13957	36665
12602	35316
23834	46442
11846	34566
24111	46714
16098	38787
25926	48505
25222	47810
21272	43911
26422	48991
15443	38138
25565	48146
22892	45509
22309	44934
22095	44724
21926	44558
18930	41590
25306	47891
20388	43033
25007	47599
16621	39306
25215	47803
16242	38931
15245	37942
11282	34006
16559	39244
20881	43524
17878	40549
22985	45602
16412	39098
21566	44202
13520	36231
21802	44436
19136	41792
8614	31348
9701	32435
14439	37142
15305	38001
26053	48631
14904	37604
23634	46244
20701	43346
18560	41224
15402	38097
22246	44871
16453	39139
21344	43982
21755	44389
15965	38656
9439	32173
25664	48245
25031	47623
11871	34591
13815	36523
8138	30872
11743	34463
20643	43288
25814	48394
25367	47951
21990	44621
10906	33632
13846	36554
15181	37879
13850	36558
18109	40778
20879	43522
24650	47245
11115	33840
23788	46396
10957	33682
20721	43366
12764	35478
18935	41595
26128	48706
18062	40732
19064	41720
24384	46982
12677	35391
19113	41769
9353	32087
21307	43945
15545	38239
17095	39778
19091	41747
14236	36941
18745	41407
9313	32047
15405	38100
20447	43092
23886	46048
26094	48672
17152	39833
22175	44802
25981	48559
14287	36991
8556	31290
17014	39697
12792	35506
11026	33751
20660	43305
22590	45212
19875	42525
16809	39492
25953	48531
16779	39462
22558	45180
9998	32730
25427	48011
13947	36655
19083	41739
17593	40268
17236	39917
18426	41092
11148	33873
10973	33698
15098	37797
25333	47918
22088	44717
24768	47363
12011	34727
16753	39436
23304	45917
16713	39398
16765	39448
8104	30838
13477	36188
26475	49044
23936	46542
8817	31551
14673	37376
21267	43906
13073	35787
14426	37129
24659	47254
12452	35166
10757	33485
18904	41564
9610	32344
13715	36425
10157	32889
18525	41189
12721	35435
8260	30994
13545	36256
12516	35230
14605	37308
14384	37088
25474	48057
19885	42535
11394	34118
20141	42789
13088	35801
23821	46429
8928	31662
25619	48200
15650	38344
16063	38753
23765	46373
19722	42374
15671	31613
14342	37046
17892	40563
16605	39290
14055	36762
26127	48705
14121	36828
22068	44697
17411	40088
21461	44098
11122	33847
18744	41406
20939	43581
10704	33432
19219	41875
18541	41205
22239	44864
24004	46609
24436	47033
15138	37837
26275	48848
20945	39471
14580	37283
8792	31526
11577	34300
8822	31556
20407	43052
8162	30896
24818	47411
17788	40461
23539	46150
18672	41335
16422	39108
13405	33385
17464	40141
18393	41059
24967	47559
8406	31140
17818	40491
9139	31873
14400	37103
19160	41816
17647	40322
21192	43832
12795	35509
21635	44271
21466	44103
17883	40554
14365	37069
15479	38174
15914	38605
26012	48590
20550	43195
9306	32040
11399	34123
17707	40380
21075	43716
20815	43459
13494	36205
20442	43087
9585	32319
22832	45450
19351	42006
26105	48683
25251	47839
12981	35695
26265	48838
13074	35788
26693	49254
9659	32393
16664	39349
10498	33228
15328	38023
16629	39314
8243	30977
24981	47573
21345	43983
9645	32379
18927	41587
16188	38877
24348	46947
17367	40045
16350	39037
23702	46311
8911	31645
23237	45851
21720	44355
21074	43715
12145	34861
14888	37588
20451	43096
18349	41016
15516	38210
15257	37954
8369	31103
24338	46937
15992	38683
25585	48166
20843	43486
26137	48714
12395	35109
25164	47752
20712	43357
15110	37809
19594	42246
11088	33813
20885	43528
26553	49119
16913	39596
20689	43334
17153	39834
22823	45441
25267	47853
10687	33415
14207	36913
24685	47280
13331	36043
20602	43247
20844	43487
24570	47166
18392	41058
12491	35205
17838	40511
25341	47926
13046	35760
20977	43618
13225	35937
14118	36825
8300	31034
19202	41858
24116	46719
21844	44477
20448	43093
24226	46827
15128	37827
23120	45734
25672	48253
8382	31116
21840	44473
10803	33529
22530	45152
18764	41426
8909	31643
25874	48453
17840	40513
22645	45267
9966	32698
9780	32513
26248	48821
9924	32656
15626	38320
22913	45530
20480	43125
18054	40724
10654	33382
8053	30787
8776	31510
10456	33186
24600	47196
13684	36394
15694	38386
14720	37422
10896	33622
22089	44718
20219	42867
14086	36793
26081	48659
24402	33653
8696	31430
24598	47194
20720	43365
13692	36402
12271	34985
22184	43520
9474	32208
15807	38498
16372	39059
25049	47641
19154	41810
19215	41871
19393	42047
23247	45860
21624	44260
17591	36357
13022	35736
18300	40968
8543	31277
21904	44536
17797	40470
11525	34248
17945	40616
23012	45628
9993	32725
10694	33422
9395	32129
20299	42945
26505	49073
20649	43294
26491	49060
13615	36326
10151	32883
21619	44255
12259	34974
10177	32909
11804	34524
19090	41746
24882	47474
11951	34668
13425	36136
17172	39853
21518	44155
18775	39881
21708	44343
9072	31806
18020	40690
13627	36338
24354	46953
13025	35739
25513	48096
19719	42371
15016	37716
13898	36606
10668	33396
20819	43463
17802	40475
21023	43664
9927	32659
13604	36315
8219	30953
10337	33067
12073	34789
17696	40370
22390	45012
16867	39550
17039	39722
24218	46820
8847	31581
15295	37991
14035	36742
22941	45558
26801	49359
26702	49262
22684	45305
22904	45521
22630	45252
23370	45982
17648	40323
19025	41684
23782	46390
15852	38543
17419	40096
9649	32383
21191	43831
18132	40801
18830	41490
17166	39847
19984	42633
22938	45555
11588	34311
15371	38066
9521	32255
17776	40449
15882	38573
23656	46265
12732	35446
14309	37013
21173	43813
17740	40413
13733	36442
11070	33795
17574	40250
21839	44472
10072	32804
13484	36195
8998	31732
14091	36798
18066	40736
8392	31126
9279	32013
20923	43565
19592	42244
10161	32893
14164	36871
16180	38869
22562	45184
11671	34393
21522	44159
14133	36840
12153	33978
25894	48473
26124	48702
25054	47646
21228	36831
22553	45175
23112	45727
21972	44603
15958	38649
12867	35581
12937	35651
14596	37299
9582	32316
9003	31737
19151	41807
11688	34410
17726	40399
26462	49031
18891	41551
12550	35264
11220	33944
13557	36268
11124	33849
26151	48728
10316	33046
10048	32780
14975	37675
18696	41359
26664	49225
13001	35715
18367	41034
10825	33551
16095	38785
12701	35415
14029	36736
10660	33388
21352	43990
8546	31280
21232	43871
14134	36841
22234	44859
18964	41624
21205	43845
17735	40408
18850	41510
9363	32097
9381	32115
20401	43046
13108	35821
8706	31440
21631	44267
26461	49030
25913	48492
9978	32710
23723	46331
11099	33824
13713	36423
24488	47085
21369	44006
20081	42729
18114	40783
18649	41312
17994	40665
26425	48994
25093	47682
13521	36232
8367	31101
13103	35816
21071	43712
25283	47868
26052	48630
23230	45844
8443	31177
10804	33530
9001	31735
25212	47800
19903	42553
20743	43388
8349	31083
23309	45922
22969	45586
23273	45886
25554	48135
17658	40332
17070	39753
22924	45541
8246	30980
20082	42730
16615	39300
8357	31091
13504	36215
20630	43275
8328	31062
20557	43202
21604	44240
15330	38025
18962	41622
16367	39054
16070	38760
10446	33176
24895	47487
25266	47852
24152	46755
20986	43627
22602	45224
14875	37575
13896	36604
25735	48316
9344	32078
17156	39837
9403	32137
22836	45454
8088	30822
12887	35601
17261	39940
20050	42699
18171	40840
9371	32105
10742	33470
12904	35618
23190	45804
22891	45508
23007	45623
13614	36325
13445	36156
10632	33360
15575	38269
18619	41282
16243	38932
13389	36101
22365	44987
18576	41240
12857	35571
12758	35472
11233	33957
22231	44856
15423	38118
25760	48341
10698	33426
19661	42313
13162	35875
10103	32835
15772	38464
9504	32238
11076	33801
12839	35553
21111	43751
22810	45429
25074	34439
12543	35257
22193	44819
21479	44116
9574	32308
25334	47919
20369	43014
12105	34821
20044	42693
11656	34379
26006	48584
24982	47574
23519	46130
9887	32619
16541	39226
24496	47092
8979	31713
16954	39637
19815	42466
14686	37389
18808	41468
25567	48148
25870	48449
22680	45301
9197	31931
21309	43947
9527	32261
12077	34793
14951	37651
23036	45652
10259	32990
18403	41069
13461	36172
24438	47035
24749	47344
21816	44450
20233	42881
11901	34619
12783	35497
8289	31023
10729	33457
22573	45195
22919	45536
13127	35840
12225	34940
11599	34322
26274	48847
22481	45103
18233	40901
10897	33623
18584	41248
25182	47770
18221	40889
9342	32076
16683	39368
25941	48519
25632	48213
25662	48243
17755	40428
12409	35123
10317	33047
14102	36809
22614	45236
10327	33057
21892	44524
19000	41660
12827	35541
19314	41970
19437	42091
15254	37951
20793	43437
12443	35157
11384	34108
11702	34423
22697	45318
8110	30844
26018	48596
10595	33323
12045	34761
14200	36906
8276	31010
24021	46626
19470	42124
17276	39955
25061	47652
17244	39925
23740	46348
11757	34477
26332	48902
16995	39678
20648	43293
10732	33460
16343	39031
9024	31758
12366	35080
9882	32614
20399	43044
13012	35726
23195	45809
17981	40652
10078	32810
17226	39907
17723	40396
14669	37372
11170	33894
12017	34733
8245	30979
21583	44219
19768	42419
22322	44946
12376	35090
19081	41737
21292	43931
14178	36884
16358	39045
22787	45407
26384	48953
15232	37929
12982	35696
21398	44035
20958	43599
16817	39500
19926	42575
10699	33427
22606	45228
15387	38082
25590	48171
9205	31939
20535	43180
12584	35298
24374	46973
15413	38108
10539	33268
13081	35795
25403	47987
23278	45891
21392	44029
22458	45080
20142	42790
17826	40499
11315	34039
21650	44286
15160	37859
10551	33280
10334	33064
20770	43414
25275	47861
15344	38039
11156	33284
19669	42321
19192	41848
14781	37483
22600	45222
10848	33574
19293	41949
20132	42780
16193	38882
8756	31490
11318	34042
15613	38307
19272	41928
21275	43914
8296	31030
14881	37581
13383	36095
12293	35007
13119	35832
14994	37694
10209	32941
12008	34724
8074	30808
9112	31846
12343	35057
25133	47721
16985	39668
16322	39010
21783	44417
8842	31576
10447	33177
9524	32258
16599	39284
15109	37808
23835	46443
13077	35791
11040	33765
16359	39046
19800	42451
20397	43042
23750	46358
23111	45726
26092	48670
16203	38892
16919	39602
21044	43685
10303	33034
26401	48970
9002	31736
8959	31693
14420	37123
18645	41308
13375	36087
13879	36587
12852	35566
25253	47841
9725	32459
20205	42853
15030	37730
18835	41495
15108	37807
20596	43241
10522	33251
9318	32052
26113	48691
23373	45985
9041	31775
15552	38246
17497	40173
26694	49255
25076	47665
26430	48999
13174	35887
16470	39155
24365	46964
22965	45582
23263	45876
22218	44843
9815	32547
15414	38109
11222	33946
21271	43910
10403	33133
12274	34988
15784	38475
14331	37035
17002	39685
19754	42406
13432	36143
12186	34901
14569	37272
22879	45496
23817	46425
24048	46653
26530	49097
19265	41921
19854	39772
23628	46238
25899	48478
11821	34541
18196	40865
23642	46252
25278	47864
9891	32623
13922	36630
22135	44763
11881	34601
16332	39020
21487	44124
18885	41545
15463	38158
20251	42899
18597	41261
10865	33591
11470	34193
16287	38975
24272	46871
26493	49062
9596	32330
8875	31609
19578	42230
25844	48424
8575	31309
15804	38495
10923	33649
10063	32795
13508	36219
24626	47221
26600	49164
10286	33017
13018	35732
14769	37471
25596	48177
24167	46770
16404	39090
24262	46862
10099	32831
14779	37481
26762	49320
17486	40163
11237	33961
22041	44670
15601	38295
19093	41749
13665	36376
11396	34120
12311	35025
11137	33862
13412	36123
15489	33626
23260	45873
21146	43786
15569	38263
17011	39694
12046	34762
16254	38942
17213	39894
24854	47446
11680	34402
12469	35183
10298	33029
26162	48739
14566	37269
13341	36053
9583	32317
12245	34960
24582	47178
22877	38077
22847	45465
21343	43981
15356	38051
11683	34405
22182	44809
9802	32535
19760	42412
15469	38164
20730	43375
13021	35735
15806	38497
9782	32515
14627	37330
22132	44760
25326	47911
19780	42431
12654	35368
18377	41044
10829	33555
18944	41604
11097	33822
20869	43512
18729	41391
12826	35540
14684	37387
22955	45572
21978	44609
17371	40049
23881	46488
14177	36883
25686	48267
13156	35869
26042	48620
10838	33564
25670	48251
12242	34957
23243	33744
8486	31220
8136	30870
23082	45698
19438	42092
19563	42216
16111	38800
15002	37702
12892	35606
13680	36391
20728	43373
9108	31842
21298	43937
9794	32527
17058	39741
24632	47227
23771	46379
23375	45987
16344	39032
25872	48451
21112	43752
21598	44234
8735	31469
15564	38258
9640	32374
10202	32934
19454	42108
26667	49228
21132	43772
20500	43145
11817	34537
12508	35222
23067	45683
14565	37268
11358	34082
21277	43916
23458	46069
18853	41513
25243	47831
20406	43051
8655	31389
14319	37023
21339	43977
25200	47788
20165	42813
19280	41936
21218	43858
15103	37802
12618	35332
21281	43920
25761	48342
26133	48711
11952	34669
20718	43363
10688	33416
22690	45311
24337	46936
19915	42564
22946	45563
21981	44612
12484	35198
11961	34678
26123	48701
20929	43571
26447	49016
12328	35042
16047	38737
18156	40825
24640	47235
9488	32222
18076	40746
19339	41994
11866	34586
15291	37987
21534	44171
19304	41960
24084	46688
11782	34502
14626	37329
13234	35946
9775	32508
21105	43746
22452	45074
18545	41209
8307	31041
18110	40779
20672	43317
19538	42191
23576	46186
24238	43968
19407	42061
26559	49125
25546	48128
22757	45377
9231	31965
23092	45707
25250	47838
12829	35543
14700	37403
10789	33515
26055	48633
17088	39771
12244	34959
17286	39965
26526	49094
14322	37026
17712	40385
10558	33287
8754	31488
11931	34649
17998	40669
16331	39019
25665	48246
15324	38020
15870	38561
12309	35023
26849	49404
9305	32039
25717	48298
20381	43026
17233	39914
10608	33336
17194	39875
9812	32545
17477	40154
9250	31984
19217	41873
23106	45721
16587	39272
13454	36165
13414	36125
12110	34826
24318	46917
16725	39409
12441	35155
21932	44564
14104	36811
19520	42173
14572	37275
24777	47372
17517	40193
18565	41229
8212	30946
24033	46638
25002	47594
13442	36153
22260	44885
19792	42443
19297	41953
10243	32975
14011	36718
11450	32275
24210	46812
9599	32333
24019	46624
15370	38065
21472	44109
20372	43017
24078	46683
24414	47011
19610	42262
12710	35424
18409	41075
22589	45211
11123	33848
23310	45923
25685	48266
9530	32264
20534	43179
18500	41164
20546	43191
24311	46910
8974	31708
13938	36646
26533	49100
13983	36691
18272	40940
26034	48612
16165	38854
24712	47307
18240	40908
22286	44911
14683	37386
11967	34683
23040	45656
14032	36739
11993	34709
22762	45382
23193	45807
12600	35314
20786	43430
10201	32933
15409	38104
24875	47467
15296	37992
20851	43494
15035	37735
26513	49081
14982	37682
18002	40673
16838	39521
20825	43468
24291	46890
15739	38431
23303	45916
20334	42980
17540	40216
9744	32478
25288	47873
18809	41469
16923	39606
11138	33863
16800	39483
19079	41735
17769	40442
22418	45040
8248	30982
23045	45661
17472	40149
9716	32450
19541	42194
8267	31001
14528	37231
16635	39320
11561	34284
13241	35953
17727	40400
24192	46795
24131	46734
11676	34398
19095	41751
10362	33092
15450	38145
26673	49234
26187	48761
25792	48372
21164	43804
24090	46694
9158	31892
21489	44126
13005	35719
8557	31291
14157	36864
24637	47232
8799	31533
10846	33572
23102	45717
15987	38678
11263	33987
11020	33745
10301	33032
24787	47382
10318	33048
19468	42122
25425	48009
11620	34343
8101	30835
12580	35294
25388	47972
15000	37700
12604	35318
18383	41050
19853	42504
9669	32403
10345	33075
26170	48745
13237	35949
19335	41990
14369	37073
16463	39149
11261	33985
16500	39185
9358	32092
8423	31157
18897	41557
26465	49034
21094	43735
9515	32249
23846	46454
14685	37388
22202	44828
20758	43403
20914	43557
23724	46332
14042	36749
9330	32064
23387	45999
9040	31774
15114	37813
12979	35693
8440	31174
21608	44244
24942	47534
23948	46553
25339	47924
15433	38128
18370	41037
24610	47206
21574	44210
21459	44096
8802	31536
16432	39118
16400	39086
23515	46126
11681	34403
9513	32247
18754	41416
8967	31701
9228	31962
9396	32130
13426	36137
23863	46471
12076	34792
20384	43029
23623	46233
16797	39480
20088	42736
13722	36431
19910	42559
9554	32288
11892	34610
8693	31427
9465	32199
15950	38641
16550	39235
11411	34135
16114	38803
17001	39684
9244	31978
20706	43351
12888	35602
11625	34348
25927	48506
12068	34784
16178	38867
23222	45836
24351	46950
9103	31837
16774	39457
18509	41173
15308	38004
25621	48202
9641	32375
25778	48358
12954	35668
14053	36760
19976	42625
23026	45642
8567	31301
13266	35978
26498	49066
17278	39957
15730	38422
24381	46979
11910	34628
15156	37855
23141	45755
16668	39353
12411	35125
23293	45906
9626	32360
19794	42445
10777	33503
20282	42930
9070	31804
23136	45750
10836	33562
17254	39935
10152	32884
14073	36780
24774	47369
16056	38746
25433	48017
26172	48747
12346	35060
15525	38219
26324	48894
12064	34780
11098	33823
12302	35016
18462	41127
17481	40158
11175	33899
26640	49203
16356	39043
10938	33664
20716	43361
17048	39731
15951	38642
19402	42056
15074	37773
23749	46357
22587	45209
11050	33775
20310	42956
24016	46621
26036	48614
22148	44776
24320	46919
20899	43542
13212	35924
9369	32103
17911	40582
10751	33479
13835	36543
18779	41440
22862	45480
17966	40637
21942	44574
22002	44633
19315	41971
17182	39863
15897	38588
20528	43173
12175	34890
16027	38717
19466	42120
17961	40632
24302	46901
17219	39900
12824	35538
17325	40003
16585	39270
14034	36741
13403	36115
22302	44927
12728	35442
17531	40207
11977	34693
23014	45630
24437	47034
24109	46712
25990	48568
15849	38540
22577	45199
11539	34262
12114	34830
23058	45674
23914	46520
26256	48829
26698	49259
11638	34361
26773	49331
23484	46095
16408	39094
24765	47360
20383	43028
20472	43117
11928	34646
14778	37480
16293	38981
12564	35278
12414	35128
9479	32213
20340	42986
17885	40556
12946	35660
22712	45333
12332	35046
22639	45261
9861	32593
22903	45520
14239	36944
14159	36866
22326	44950
20997	43638
12437	35151
8351	31085
16574	39259
9067	31801
18755	41417
26141	48718
22994	45610
14620	37323
8522	31256
19117	41773
12356	35070
15242	37939
23384	45996
12767	35481
18663	41326
19543	42196
8040	30774
26145	48722
13685	36395
24701	47296
20855	43498
11324	34048
23511	46122
19997	42646
14652	37355
13926	36634
16089	38779
19270	41926
18264	40932
14475	37178
8694	31428
9445	32179
10710	33438
9264	31998
16444	39130
21039	43680
20157	42805
13450	36161
16723	39407
26438	49007
19944	42593
17705	40379
10476	33206
20722	43367
26436	49005
22308	44933
10597	33325
10342	33072
19157	41813
16495	39180
23547	46158
13084	35798
13907	36615
14230	36935
26327	48897
20382	43027
17479	40156
13838	36546
24299	46898
10405	33135
13194	35907
16269	38957
17084	39767
16275	38963
24148	46751
14562	37265
22566	45188
14269	36974
14081	36788
10426	33156
8820	31554
25561	48142
9597	32331
19692	42344
20748	43393
18269	40937
19700	42352
17790	40463
15567	38261
14849	37550
25344	47929
26282	48855
22358	44980
11988	34704
8178	30912
12575	35289
19243	41899
17879	40550
16947	39630
8739	31473
14431	37134
24849	33748
14045	36752
22657	45279
25058	47649
8791	31525
9377	32111
20571	43216
21208	43848
14786	37488
21184	43824
21041	43682
8080	30814
22011	44641
18191	40860
17752	40425
11165	33889
15924	38615
26562	49128
9675	32409
16539	39224
8317	31051
13681	36392
9043	31777
18782	41443
18737	41399
15647	38341
14453	37156
21681	44317
13872	36580
8778	31512
8124	30858
16914	39597
23652	46261
18172	40841
11030	33755
23317	45930
15029	37729
13748	36457
13335	36047
25928	48507
21368	44005
13135	35848
9355	32089
21248	43887
20875	43518
16612	39297
15508	38202
21261	43900
10427	33157
14695	37398
9049	31783
10594	33322
21881	44513
20631	43276
11606	34329
18669	41332
21677	44313
9519	32253
23904	46510
18769	41431
9195	31929
10400	33130
16138	38827
12150	34866
9811	32544
22432	45054
19053	35600
9263	31997
11678	34400
14549	37252
26502	49070
19159	41815
10010	32742
14237	36942
21865	44498
22923	45540
9724	32458
26267	48840
10771	32549
22870	45488
18864	41524
12012	34728
26790	49348
17370	40048
20900	43543
16929	39612
13080	35794
22966	45583
26805	49363
13141	35854
17227	39908
12517	35231
9211	31945
25137	47725
17505	40181
17756	40429
17964	40635
23419	46031
17734	40407
25170	47758
18874	41534
17104	39787
24962	47554
14171	36878
13726	36435
23434	46046
11089	33814
13102	35815
12156	34871
20539	43184
24411	47008
13487	36198
9467	32201
11566	34289
26510	49078
21185	43825
11276	34000
12651	35365
9793	32526
14691	37394
19010	41670
14844	37545
9111	31845
24889	47481
21767	44401
15789	38480
16326	39014
10800	33526
25512	48095
22889	45506
9449	32183
21375	44012
18971	41631
18547	41211
17626	40301
11534	34257
16465	39150
12694	35408
25833	48413
11413	34137
17422	40099
18666	41329
18601	41265
11363	34087
12656	35370
17609	40284
12950	35664
13134	35847
10231	32963
8491	31225
15205	37903
25468	48051
13374	36086
13287	35999
20029	42678
24447	47044
10336	33066
15166	37864
14132	36839
10696	33424
21405	44042
15209	37906
14092	36799
24642	47237
24793	47387
23235	45849
25451	48035
16276	38964
20059	42708
25611	48192
26063	48641
23061	45677
12930	35644
13096	35809
23382	45994
10428	33158
10679	33407
26862	49417
10811	33537
10991	33716
18637	41300
10770	33498
26161	48738
20860	43503
19902	42552
11532	34255
24042	46647
15586	38280
25618	48199
11489	34212
21086	43727
11524	34247
15412	38107
10728	33456
21753	44387
8725	31459
13344	36056
22472	45094
9423	32157
21046	43687
23359	45971
23368	45980
22269	44894
20616	43261
10930	33656
25771	48352
24162	46765
20385	43030
13089	35802
22627	45249
13741	36450
13321	36033
18608	41272
18611	41275
9821	32553
17268	39947
14123	36830
18839	41499
8935	31669
8901	31635
24669	47264
11701	34422
25628	48209
25733	48314
18234	40902
10924	33650
25295	47880
24044	46649
12798	35512
23153	45767
19807	42458
19627	42279
10895	33621
20627	43272
24471	47068
15876	38567
9718	32452
26315	48885
26356	48925
13476	36187
12217	34932
16223	38912
12787	35501
21934	44566
11744	34464
16890	39573
23992	46597
8313	31047
11770	34490
17941	40612
26353	48922
14999	37699
10703	33431
10251	32982
25707	48288
11370	34094
19691	42343
13464	36175
18138	40807
22954	45571
22192	44818
19194	41850
16297	38985
22274	44899
24309	46908
24485	47082
26199	48772
11970	34686
22115	44744
14970	37670
21599	44235
13393	36105
8819	31553
8605	31339
22613	45235
23002	45618
24563	47159
15439	38134
20801	43445
22238	44863
14071	36778
12393	35107
26138	48715
15609	38303
8387	31121
26522	49090
21001	43642
12082	34798
13410	36121
14895	37595
10373	33103
21310	43948
16565	39250
21322	43960
17118	39801
26525	49093
14308	37012
21605	44241
11104	33829
26050	48628
24228	46829
20807	43451
22854	45472
20531	43176
8475	31209
8331	31065
19163	41819
13364	36076
13914	36622
15267	37964
17632	40307
17578	40254
22788	45408
9055	31789
20424	43069
12788	35502
11400	34124
24172	46775
10571	33300
21211	43851
20327	42973
10355	33085
22086	44715
10062	32794
25020	47612
21179	43819
17764	40437
23930	46536
19124	41780
25099	47688
13816	36524
17807	40480
20408	43053
24186	46789
19476	42129
11277	34001
18343	40245
9824	32556
12387	35101
23196	45810
11976	34692
25004	47596
8383	31117
23412	46024
9604	32338
15742	38434
17450	40127
21689	44325
12716	35430
9849	32581
11077	33802
19290	41946
25507	48090
12684	35398
17442	40119
25298	47883
20877	43520
13805	36514
9218	31952
14681	37384
26529	44396
9983	32715
9915	32647
23245	45858
11939	34656
12216	34931
19413	42067
17458	40135
21900	44532
21054	43695
17888	40559
16640	39325
8232	30966
21060	43701
22454	45076
20532	43177
15367	38062
11321	34045
18564	41228
9296	32030
26090	48668
26531	49098
18335	41003
16329	39017
14260	36965
14768	37470
23988	46593
16610	39295
21749	44383
26240	48813
25238	47826
24813	47406
22701	45322
16205	38894
22654	45276
23022	45638
22151	44779
21733	44368
15376	38071
8216	30950
18828	41488
21836	44469
13278	35990
16064	38754
16701	39386
17613	40288
21629	44265
20745	43390
15660	38354
10516	33246
25072	47662
15686	38379
15394	38089
11423	34147
13050	35764
16291	38979
15921	38612
14489	37192
18333	41001
19116	41772
11530	34253
13739	36448
8266	31000
20933	43575
9792	32525
10196	32928
11864	34584
11685	34407
21116	43756
23823	46431
17823	40496
18513	41177
19143	41799
17748	40421
20962	43603
15287	37983
18446	41112
8244	30978
11319	34043
23126	45740
24593	47189
21627	44263
12525	35239
19256	41912
20095	42743
8801	31535
17825	40498
20291	42939
20317	42963
13267	35979
14208	36862
26129	48707
11265	33989
17408	40085
15347	38042
19128	41784
23093	45708
15149	37848
17167	39848
10439	33169
8184	30918
13288	36000
11886	34605
18035	40705
11354	34078
25904	48483
9020	31754
22476	45098
17631	40306
17660	40334
13863	36571
21757	44391
20529	43174
8412	31146
19729	42381
23651	43863
8846	31580
23150	45764
13349	36061
20927	43569
25353	47938
25186	47774
25006	47598
14745	37447
16858	39541
24940	47532
24842	47435
16547	39232
18186	40855
16852	39535
16301	38989
23364	45976
20266	42914
25407	47991
16185	38874
12434	35148
11985	34701
25806	48386
14265	36970
23456	46067
11812	34532
18908	41568
17292	39971
14559	37262
25607	48188
9093	31827
17845	40518
13581	36292
21078	43719
14968	37668
23365	45977
23302	45915
24706	47301
20696	43341
24382	46980
14599	37302
24530	47126
25034	47626
22609	45231
15825	38516
26726	49285
10646	33374
20161	42809
18150	40819
8800	31534
23165	45779
20724	43369
20674	43319
20359	43005
13617	36328
15913	38604
11009	33734
23997	46602
11879	34599
13809	36517
13618	36329
10149	32881
20863	43506
14246	36951
20688	43333
26738	49297
22909	45526
25684	48265
9694	32428
22067	44696
15146	37845
15830	38521
21153	43793
18552	41216
24190	46793
15644	38338
20373	43018
19552	42205
22079	44708
13223	35935
19599	42251
17688	40362
24395	46993
16260	38948
22724	45345
25912	48491
24800	47394
23198	45812
23763	46371
12992	35706
19820	42471
17034	39717
10535	33264
13379	36091
14065	36772
8766	31500
17287	39966
12744	35458
23920	46526
26746	49305
8862	31596
24560	47156
10394	33124
18411	41077
10860	33586
25105	47694
19611	42263
18632	41295
18913	41573
18183	40852
18153	40822
18761	41423
16417	39103
9796	32529
21906	44538
18812	41472
21789	44423
25549	48130
23248	45861
22694	45315
21294	43933
26340	48910
12276	34990
14737	37439
25779	48359
26208	48781
16078	38768
23752	46360
26540	49107
24329	46928
8930	31664
9619	32353
11623	34346
18665	41328
17808	40481
26451	49020
20023	42672
12879	35593
24297	46896
15860	38551
19945	42594
25809	48389
24405	47002
10807	33533
23960	46565
15484	38179
18700	41363
15070	37769
13399	36111
20070	42719
25609	48190
20974	43615
22127	44755
15711	38403
23381	45993
8977	31711
15841	38532
15714	38406
9084	31818
20685	43330
14936	37636
15741	38433
16283	38971
12266	34980
18413	41079
14409	37112
18981	41641
10921	33647
26305	48876
17718	40391
22641	45263
22467	45089
17558	40234
15251	37948
21628	44264
20289	42937
23790	46398
10792	33518
18724	41386
10854	33580
14241	36946
18613	41277
23055	45671
14527	37230
18380	41047
24758	47353
13010	35724
23161	45775
22664	45286
12643	35357
14039	36746
19766	42418
12983	35697
14739	37441
24393	46991
10701	33429
20650	43295
13975	36683
19952	42601
25055	47647
10690	33418
23927	46533
20737	43382
18842	41502
10735	33463
19830	42481
23631	46241
9409	32143
18598	41262
25089	47678
21441	44078
10369	33099
13929	36637
16240	38929
15716	38408
25829	48409
11010	33735
18496	41160
13862	36570
20215	42863
11096	33821
26803	49361
19046	41705
13354	36066
14741	37443
23232	45846
25815	48395
24423	47020
19701	42353
25095	47684
8085	30819
11893	34611
8319	31053
21141	43781
20655	43300
26442	49011
9341	32075
19176	41832
21497	44134
13794	36503
11178	33902
9333	32067
14167	36874
22812	45431
18245	40913
9788	32521
13110	35823
15263	37960
13751	36460
15157	37856
17309	39987
10480	33210
24587	47183
24357	46956
12438	35152
21134	43774
19809	42460
25855	48434
19366	42021
16059	38749
19735	42387
17514	40190
8759	31493
22032	44661
9483	32217
10150	32882
22713	45334
26592	49157
25909	48488
22113	44742
21366	44003
19101	41757
12101	34817
22898	45515
23808	46416
18544	41208
12893	35607
12667	35381
18385	41051
15690	38383
17196	39877
26539	49106
22468	45090
25950	48528
10653	33381
21016	43657
13970	36678
21885	44517
24474	47071
25971	48549
23874	46481
26826	49382
20243	42891
16327	39015
10883	33609
12724	35438
25826	48406
8626	31360
15097	37796
25204	47792
22251	44876
10379	33109
13347	36059
15919	38610
10817	33543
13844	36552
18467	41131
10724	33452
25270	47856
10247	32979
10222	32954
22679	45300
15836	38527
20264	42912
14949	37649
13353	36065
21198	43838
21538	44175
22257	44882
20357	43003
9499	32233
17673	40347
8703	31437
16451	39137
24173	46776
8915	31649
26472	49041
20301	42947
15593	38287
19559	42212
15382	38077
13942	36650
11368	34092
9473	32207
10911	33637
21149	43789
22552	45174
17374	40052
10179	32911
11133	33858
17388	32540
11108	33833
14070	36777
23893	46499
24881	47473
25759	48340
20206	42854
17581	40257
17339	40017
11208	33932
16540	39225
16381	39068
15949	38640
16447	39133
8751	31485
14005	36712
8937	31671
10917	33643
13376	36088
22337	44961
24816	47409
17212	39893
21347	43985
12658	35372
23868	46476
8852	31586
21096	43737
14910	37610
11135	33860
14191	36897
16315	39003
26390	48959
25256	47844
11618	34341
11428	34152
20168	42816
16951	39634
13731	36440
20954	43595
21226	43866
17080	39763
10834	33560
16045	38735
11687	34409
23879	46486
11997	34713
11775	34495
24046	46651
16411	39097
25338	47923
18673	41336
8892	31626
26314	48884
22751	45371
13273	35985
26077	48655
25115	47703
15482	38177
9189	31923
19893	42543
22871	45489
21695	31722
19955	42604
14793	37495
23630	46240
8973	31707
8473	31207
20052	42701
17158	39839
16302	38990
21514	44151
13216	35928
25086	47675
23312	45925
9133	31867
10852	33578
12760	35474
21059	43700
22290	44915
17469	40146
14718	37420
19816	42467
10719	33447
18198	40867
13114	35827
21165	43805
16758	39441
20702	43347
9246	31980
16596	39281
25285	47870
9509	32243
23862	46470
8985	31719
11913	34631
25221	47809
14729	37431
8045	30779
22775	45395
8285	31019
10319	33049
9491	32225
17722	40395
14631	37334
20995	43636
16264	38952
18329	40997
20719	43364
24810	47404
20866	43509
24921	47513
18772	41434
23211	45825
10192	32924
20798	43442
8600	31334
14752	37454
17091	39774
17462	40139
23703	46312
9856	32588
23964	46569
15079	37778
13764	36473
21781	44415
25141	47729
15250	37947
23218	45832
17044	39727
20392	43037
13930	36638
21642	44278
19673	42325
16960	39643
21520	44157
8672	31406
11748	34468
18989	41649
10629	33357
9909	32641
24420	47017
16980	39663
24665	47260
19936	42585
13924	36632
26480	49049
19443	42097
20572	43217
20763	42768
20445	43090
17503	40179
24625	47220
25025	47617
23660	46269
22060	44689
19341	41996
23350	45963
16173	38862
10242	32974
15939	38630
15498	38192
17407	40084
10582	33311
26444	49013
21643	44279
26520	49088
11035	33760
11593	34316
21028	43669
24000	46605
18776	41437
14057	36764
24795	47389
14027	36734
10611	33339
10604	33332
20267	42915
12712	35426
10046	32778
25797	48377
17874	40546
10007	32739
13459	36170
26008	48586
14817	37519
23465	46076
10600	33328
24969	47561
12813	35527
23133	45747
15207	34429
9368	32102
13757	36466
17176	39857
24333	46932
18000	40671
23097	45712
21761	44395
23614	46224
9804	32537
16295	38983
26132	48710
8286	31020
26765	49323
9336	32070
10239	32971
15822	38513
24223	35062
22785	45405
14517	37220
15971	38662
19204	41860
10333	33063
15318	38014
22304	44929
17162	39843
8660	31394
25350	47935
16112	38801
17812	40485
13483	36194
16709	39394
21106	43747
8560	31294
9573	32307
19047	41706
13912	36620
23329	45942
22855	45473
24831	47424
17216	39897
9443	32177
14651	37354
23391	46003
17029	39712
11130	33855
14927	37627
21843	44476
26165	48740
21357	43994
26476	49045
26440	49009
24175	46778
14943	37643
17732	40405
20542	43187
8436	31170
10864	33590
8196	30930
16804	39487
24453	47050
26364	48933
19334	41989
11751	34471
18036	40706
21279	43918
14013	36720
25241	47829
21177	43817
15142	37841
17161	39842
12577	35291
24426	47023
