8492	24354
7373	23248
8282	24146
10420	26258
9045	24902
6770	22649
8804	24665
10600	26435
9495	25346
8164	24029
6967	22845
6734	22613
7988	23856
8692	24553
10713	26547
8802	24663
8258	24122
9187	25042
9156	25011
6531	22411
8347	24211
7262	23139
10603	26438
9166	25021
8803	24664
8114	23979
8580	24442
10835	26669
10171	26011
7155	23032
10255	26094
6196	22076
6482	22362
8674	24535
10971	26803
6481	22361
6883	22762
6405	22285
7648	23521
6332	22212
7661	23534
8022	23890
8954	24812
8709	24570
8317	24181
8742	24603
7243	23120
7902	23771
10108	25949
10771	26605
10296	26135
10829	26663
9741	25589
8528	24390
10100	25941
9452	25304
7898	23767
10022	25863
7520	23393
9963	25806
7332	23208
8941	24800
9296	25150
8810	24671
9406	25258
9871	25716
9607	25456
6587	22467
9770	25618
9384	25236
8654	24515
10249	26088
9539	25389
7781	23653
6169	22049
10082	25923
7834	23705
7630	23503
7091	22969
9528	25378
9583	25432
10253	26092
6463	22343
8436	24299
10095	25936
6043	21923
7785	23657
8919	24779
6498	22378
9802	25650
9407	25259
6129	22009
8416	24280
7665	23538
10173	26013
7633	23506
9141	24996
9038	24896
9364	25217
9795	25643
6913	22791
6905	22783
7353	23228
10712	26546
10339	26177
9043	24900
8286	24150
7495	23368
7302	23178
8239	24104
7828	23699
8110	23975
9162	25017
8190	24055
6748	22627
6115	21995
9010	24868
8203	24068
6306	22186
9227	25082
8205	24070
9868	25713
8269	24133
9752	25600
8202	24067
6777	22656
8699	24560
9647	25495
7171	23048
7859	23730
9746	25594
10906	26739
8473	24336
6860	22739
6174	22054
7161	23038
9554	25404
6599	22479
7498	23371
10264	26103
7928	23796
6680	22560
10924	26756
8396	24260
6426	22306
8532	24394
7779	23651
9838	25684
9225	25080
6048	21928
9598	25447
9968	25811
8133	23998
7077	22955
6522	22402
6019	21899
9272	25127
8174	24039
6535	22415
6313	22193
6119	21999
9034	24892
8109	23974
10515	26352
9745	25593
9679	25527
6724	22604
6014	21894
9580	25430
8077	23943
8163	24028
8995	24853
9524	25375
9542	25392
7691	23564
9173	25028
6718	22598
8839	24700
8504	24366
10167	26007
10851	26685
8179	24044
6936	22814
7449	23323
10177	26017
8931	24790
6705	22585
10886	26720
6067	21947
8743	24604
8096	23962
10912	26745
7911	23780
8392	24256
10859	26693
7408	23282
10120	25961
6180	22060
9233	25088
7557	23430
7178	23055
6162	22042
10016	25857
8876	24737
9400	25252
10162	26002
6722	22602
6711	22591
10618	26453
10243	26082
7244	23121
10552	26389
6432	22312
7316	23192
7127	23004
7340	23215
6642	22522
9617	25466
8113	23978
10679	26513
7258	23135
8328	24192
6484	22364
9780	25628
10865	26699
9609	25458
10350	26188
7559	23432
6822	22701
7319	23195
6818	22697
7108	22985
10626	26460
9965	25808
8175	24040
10213	26053
8610	24472
9538	25388
9901	25745
6388	22268
5989	21869
7000	22878
7971	23839
8427	24290
7797	23669
9037	24895
8755	24616
9148	25003
8402	24266
9822	25669
8650	24511
9848	25693
9800	25648
7027	22905
9183	25038
10232	22883
7608	23481
7188	23065
9836	25682
6265	22145
7763	23635
8760	24621
10985	26817
8534	24396
10813	26647
8327	24191
9729	25577
10638	26472
8595	24457
6219	22099
10979	26811
7121	22998
7787	23659
6559	22439
7598	23471
9880	22965
8069	23736
10132	25972
7288	23164
7733	23605
9153	25008
9557	25407
10757	26591
8690	24551
9724	25572
7207	23084
9957	25800
9867	25712
11046	26877
7185	23062
6423	22303
10702	26536
10057	25898
6840	22719
10157	25997
9573	25423
8242	24107
6320	22200
8487	24349
9626	25475
7527	23400
10789	26623
6596	22476
7650	23523
7058	22936
6666	22546
8079	23945
10526	26363
7551	23424
7556	23429
7923	23791
9804	25652
10910	26743
7051	22929
10427	26265
6820	22699
10915	26748
8975	24833
10597	26432
6202	22082
8145	24010
10480	26317
8921	24781
6695	22575
7596	23469
7585	23458
10707	26541
10904	26737
7117	22994
9882	25726
9916	25760
7932	23800
9684	25532
6502	22382
10516	26353
8656	24517
9014	24872
9891	25735
9984	25826
8008	23876
11042	26873
6586	22466
7356	23231
8776	24637
10125	25965
9604	25453
10474	26311
6515	22395
7539	23412
6985	22863
10927	26759
9884	25728
6765	22644
9336	25190
8418	24282
6435	22315
9136	24991
9513	25364
6068	21948
9591	25440
6911	22789
10935	26767
10059	25900
10147	25987
9246	25101
7255	23132
6706	22586
7631	23504
10260	26099
6751	22630
7580	23453
10009	25850
8291	24155
7242	23119
8976	24834
7226	23103
9953	25796
10998	26830
7727	23599
6825	22704
7059	22937
9667	25515
6335	22215
9660	25508
6144	22024
6224	22104
6380	22260
9369	25222
8367	24231
7433	23307
9170	25025
7096	22973
9417	25269
7381	23256
9994	25836
9793	25641
6490	22370
8074	23940
7111	22988
8062	23929
6894	22772
10752	26586
6866	22745
6480	22360
10499	26336
9532	25382
9680	25528
7320	23196
7488	23361
10872	26706
6994	22872
8071	23937
10838	26672
10528	26365
8440	24303
9928	25772
8035	23903
9172	25027
7444	23318
9507	25358
7636	23509
7360	23235
9790	25638
9257	25112
6021	21901
9737	25585
10617	26452
8657	24518
10663	26497
6637	22517
8806	24667
6494	22374
9809	25657
7593	23466
6664	22544
7686	23559
9685	25533
10446	26284
7474	23347
7492	23365
9263	25118
10454	26292
8047	23914
10384	26222
10898	26731
7670	23543
6190	22070
9297	25151
6023	21903
10304	26143
9614	25463
9518	25369
9621	25470
10395	26233
9728	25576
10582	26417
10943	26775
8028	23896
7476	23349
8513	24375
10236	26075
7322	23198
9633	25482
9349	25202
10158	25998
8065	23932
9026	24884
6431	22311
8645	24506
11001	26833
8575	24437
7005	22883
6303	22183
8461	24324
7307	23183
6039	21919
10640	26474
9811	23884
9811	23884
10148	25988
6143	22023
6367	22247
6506	22386
6635	22515
7622	23495
7767	23639
10694	26528
10532	26369
6347	22227
6201	22081
7008	22886
8986	24844
7352	23227
6579	22459
9414	25266
11031	26862
7647	23520
6787	22666
7652	23525
6729	22609
7591	23464
9730	25578
9883	25727
9087	24944
10882	26716
9535	25385
8798	24659
6046	21926
7838	23709
9119	24975
10497	26334
9113	24969
7463	23336
6514	22394
7974	23842
9975	25817
9748	25596
5991	21871
8677	24538
6264	22144
8379	24243
8206	24071
6140	22020
6387	22267
7066	22944
6960	22838
8516	24378
10937	26769
8589	24451
9615	25464
7934	23802
9531	25381
8196	24061
6475	22355
9976	25818
7866	23737
9845	25691
8344	24208
8893	24753
9238	25093
6455	22335
9919	25763
9434	25286
8895	24755
7653	23526
11016	26848
9145	25000
9024	24882
10386	26224
6876	22755
8375	24239
8661	24522
9568	25418
7888	23757
6828	22707
8920	24780
7017	22895
9612	25461
8212	24077
8701	24562
7790	23662
7863	23734
8858	24719
11041	26872
10674	26508
9656	25504
9184	25039
9274	25129
7454	23328
8214	24079
8208	24073
10397	26235
7629	23502
7609	23482
7024	22902
8336	24200
7129	23006
6134	22014
10457	26295
8076	23942
9842	25688
6440	22320
8873	24734
7345	23220
10664	26498
9253	25108
5995	21875
7840	23711
9100	24956
10403	26241
8902	24762
6877	22756
8555	24417
9430	25282
9810	25658
10050	25891
9182	25037
8751	24612
6887	22766
8299	24163
7236	23113
9577	25427
7167	23044
9157	25012
7304	23180
9853	25698
6842	22721
8329	24193
6612	22492
10889	26723
6217	22097
9293	25147
6167	22047
8969	24827
7387	23262
7071	22949
6251	22131
9740	25588
8847	24708
10486	26323
7849	23720
7458	23331
6060	21940
9756	25604
10471	26308
7978	23846
6816	22695
6863	22742
7486	23359
8085	23951
10931	26763
6130	22010
8137	24002
10538	26375
9311	25165
10914	26747
10391	26229
10554	26391
7076	22954
9107	24963
6096	21976
7960	23828
7765	23637
10375	26213
8302	24166
8958	24816
6945	22823
6141	22021
7528	23401
6402	22282
10035	25876
10461	26299
8646	24507
6728	22608
8667	24528
10281	26120
8304	24168
6925	22803
9402	25254
6641	22521
8562	24424
10708	26542
8899	24759
8198	24063
10449	26287
8459	24322
6678	22558
10114	25955
10240	26079
6296	22176
6830	22709
10841	26675
11011	26843
7451	23325
8888	24749
6929	22807
6625	22505
6199	22079
8059	23926
8191	24056
10854	26688
8366	24230
6135	22015
8503	24365
7429	23303
6530	22410
10781	26615
9375	25227
7852	23723
10780	26614
10490	26327
8886	24747
8746	24607
7950	23818
6516	22396
10868	26702
7147	23024
10939	26771
6412	22292
7657	23530
8974	24832
6272	22152
6257	22137
8458	24321
8722	24583
7210	23087
7359	23234
9643	25491
8712	24573
6449	22329
9051	24908
10966	26798
7876	23746
9412	25264
7930	23798
6624	22504
10522	26359
9098	24954
7110	22987
10858	26692
8106	23971
6310	22190
6987	22865
10994	26826
8305	24169
6187	22067
9739	25587
8287	24151
6585	22465
7237	23114
6931	22809
10511	26348
10073	25914
8006	23874
6736	22615
8609	24471
8477	24340
9058	24915
6394	22274
9937	25781
10623	26457
7519	23392
8781	24642
6460	22340
6073	21953
10650	26484
6308	22188
7743	23615
10404	26242
6881	22760
10974	26806
9501	25352
6977	22855
7996	23864
9211	25066
7507	23380
6293	22173
7567	23440
9787	25635
6066	21946
7419	23293
8236	24101
10444	26282
6611	22491
7832	23703
7947	23815
8484	24347
8808	24669
7561	23434
8994	24852
10044	25885
10887	26721
10839	26673
7252	23129
7865	23736
9126	24982
6756	22635
7156	23033
7801	23673
8970	24828
7504	23377
9939	21919
10155	25995
10731	26565
9775	25623
8016	23884
6687	22567
9008	24866
9803	25651
10418	26256
9137	24992
8612	24474
10866	26700
9056	24913
10890	24913
6922	22800
6191	22071
10710	26544
6065	21945
6855	22734
8168	24033
6397	22277
7249	23126
9489	25340
7431	23305
8216	24081
7953	23821
6355	22235
6503	22383
9852	25697
8529	24391
8759	24620
6602	22482
6604	22484
6083	21963
7423	23297
7080	22958
9295	25149
8247	24111
9872	25717
8685	24546
10398	26236
7470	23343
8856	24717
8905	24765
8257	24121
9512	25363
9869	25714
8439	24302
6270	22150
7453	23327
10948	26780
7043	22921
8268	24132
9751	25599
6721	22601
10550	26387
9190	25045
9773	25621
7819	23690
10273	26112
8149	24014
10207	26047
6831	22710
7511	23384
10615	26450
9306	25160
7590	23463
7954	23822
8234	24099
7695	23568
7929	23797
7021	22899
9240	25095
10136	25976
8249	24113
10711	26545
6590	22470
8153	24018
10487	26324
6321	22201
10441	26279
6819	22698
6092	21972
9139	24994
10590	26425
6261	22141
8608	24470
9861	25706
10856	26690
6953	22831
9794	25642
9278	25132
6692	22572
8083	23949
7037	22915
6868	22747
8309	24173
9850	25695
10019	25860
9875	25720
9399	25251
7372	23247
10773	26607
7623	23496
8959	24817
10271	26110
8745	24606
10337	26175
7687	23560
8252	24116
8143	24008
8859	24720
8189	24054
8897	24757
9938	25782
7273	23149
9326	25180
11045	26876
8527	24389
9092	24948
10286	26125
9377	25229
9575	25425
9649	25497
8468	24331
10776	26610
7766	23638
7354	23229
8243	23390
7517	23390
10184	26024
10077	25918
7729	23601
8651	24512
10595	26430
6279	22159
10723	26557
6630	22510
9798	25646
7278	23154
9500	25351
7926	23794
9544	25394
8507	24369
9448	25300
9144	24999
7514	23387
10434	26272
6609	22489
9958	25801
6940	22818
7227	23104
9515	25366
8423	24287
7087	22965
9089	24764
8904	24764
8904	24764
6569	22449
10676	26510
10317	26156
8488	24350
6827	22706
9910	25754
8863	24724
7234	23111
9806	25654
6914	22792
7815	23686
10669	26503
10223	26063
8531	24393
6683	22563
7045	22923
10833	26667
7505	23378
10097	25938
9514	25365
7692	23565
8901	24761
10401	26239
6155	22035
9069	24926
6084	21964
6057	21937
8053	23920
9275	21937
8042	23892
8824	24685
7786	23658
8201	24066
7605	23478
6501	22381
10703	26537
6613	22493
6040	21920
8140	24005
10607	26442
8256	24120
6717	22597
9625	25474
7673	23546
11009	26841
6517	22397
6118	21998
6249	22129
7998	23866
10624	26458
10343	26181
5990	21870
8024	23892
8913	24773
10284	26123
6000	21880
7825	23696
9710	25558
9316	25170
6799	22678
6055	21935
9964	25807
8867	24728
6382	22262
10327	26165
10221	26061
6754	22633
10197	26037
8514	24376
9431	25283
10959	26791
10462	26300
