3800	18800
2501	17501
3692	18692
6260	21260
5785	20785
7100	22100
6842	21842
9138	24138
544	15544
13465	26056
1944	16944
122	15122
10548	28492
10997	29015
12830	29203
8132	23132
12272	29730
5801	20801
4421	19421
12130	26433
7776	22776
6486	21486
7874	22874
7319	22319
10906	27972
10319	25319
7890	22890
9861	24861
3734	18734
12686	25620
10511	27203
12979	29428
14420	26667
14405	26620
2701	17701
5620	20620
3993	18993
8617	23617
3382	18382
14126	29545
14646	28730
2892	17892
14153	29524
10629	27557
12355	26207
12809	28030
9537	24537
609	15609
8918	23918
13191	26517
13279	28140
14929	26341
2377	17377
10183	25183
1114	16114
12411	25982
13709	28147
10910	29082
6506	21506
1641	16641
12867	29952
10019	25019
813	15813
3503	18503
13550	28732
6827	21827
7417	22417
6048	21048
6445	21445
9482	24482
4103	19103
769	15769
9540	24540
953	15953
11473	27258
3499	18499
3378	18378
6958	21958
13159	28614
7846	22846
13568	27455
12743	27030
1258	16258
1648	16648
5735	20735
1009	16009
4380	19380
4040	19040
14895	26511
1223	16223
4349	19349
10078	25078
13072	28136
5512	20512
2072	17072
8566	23566
5480	20480
2503	17503
9743	24743
1607	16607
14445	27384
9511	24511
12209	27354
1077	16077
4737	19737
10110	25110
5294	20294
4533	19533
12135	25785
10408	25408
5188	20188
5466	20466
36	15036
5731	20731
5570	20570
11753	26160
3878	18878
14418	25778
9583	24583
11662	27487
11010	27492
7797	22797
5135	20135
6401	21401
10948	27197
9004	24004
128	15128
1982	16982
12108	27176
2399	17399
7489	22489
11172	28144
4448	19448
9371	24371
572	15572
1623	16623
8146	23146
14401	27275
3194	18194
8464	23464
3071	18071
5976	20976
7035	22035
732	15732
3355	18355
1343	16343
4476	19476
2272	17272
3032	18032
3450	18450
13990	27506
6685	21685
10572	28452
9944	24944
2719	17719
730	15730
2919	17919
14067	26883
9491	24491
9030	24030
14451	29938
5164	20164
6781	21781
10856	26496
7943	22943
12215	26552
13021	26687
11018	29565
6487	21487
8207	23207
11704	26345
11390	29212
10016	25016
4901	19901
7547	22547
1649	16649
13956	29764
14263	28860
9700	24700
3704	18704
8360	23360
9444	24444
555	15555
13991	29385
8363	23363
8035	23035
12204	26554
3373	18373
4198	19198
7402	22402
5103	20103
10203	25203
4593	19593
6833	21833
234	15234
8810	23810
14934	29094
9395	24395
10601	29191
8002	23002
5930	20930
13619	26360
11524	28409
14691	29583
10268	25268
13085	28558
6347	21347
5534	20534
3888	18888
9709	24709
11752	26837
13277	26825
1594	16594
2259	17259
11570	29300
2494	17494
12387	29749
8000	23000
6596	21596
4567	19567
3735	18735
12077	29879
14167	27459
10122	25122
8376	23376
3002	18002
4611	19611
4820	19820
2617	17617
8867	23867
7643	22643
1883	16883
4806	19806
5691	20691
10241	25241
6969	21969
1994	16994
9465	24465
14571	26550
6774	21774
10287	25287
11444	27284
6364	21364
9297	24297
6477	21477
2434	17434
6464	21464
6657	21657
203	15203
4579	19579
5212	20212
3221	18221
13421	29891
3113	18113
5366	20366
7300	22300
7275	22275
4603	19603
824	15824
5554	20554
3554	18554
3953	18953
14815	27567
2320	17320
11973	29450
8792	23792
10886	27498
10042	25042
3157	18157
9850	24850
10310	25310
8679	23679
9274	24274
8461	23461
13273	27725
5970	20970
11937	29064
5092	20092
5174	20174
10562	27171
6819	21819
12264	29420
8559	23559
11065	29251
14479	26815
13715	26870
13414	26024
9207	24207
5118	20118
4174	19174
8854	23854
10133	25133
2198	17198
11855	28689
8236	23236
12156	29638
7934	22934
11350	29418
8671	23671
6987	21987
11689	27581
8774	23774
4162	19162
3624	18624
5314	20314
12495	27611
12183	29145
10721	28830
12311	28691
3447	18447
14246	28475
5046	20046
1261	16261
14447	26713
9345	24345
10139	25139
4599	19599
3641	18641
12885	25791
1456	16456
8122	23122
6904	21904
4728	19728
8472	23472
13265	28792
12455	27727
7756	22756
3274	18274
14725	26798
7407	22407
4663	19663
13889	28060
11889	26122
2381	17381
10420	25420
793	15793
8436	23436
2796	17796
4110	19110
14877	27816
2842	17842
6169	21169
5383	20383
13107	26686
685	15685
14222	25860
4666	19666
14297	27256
10487	25487
3780	18780
6570	21570
9439	24439
1534	16534
6839	21839
12784	27866
14258	26923
8890	23890
10416	25416
12676	26313
1631	16631
13507	28248
3197	18197
2564	17564
9018	24018
549	15549
11042	29347
1185	16185
12542	26978
4102	19102
8495	23495
1496	16496
10154	25154
6079	21079
5634	20634
2366	17366
4047	19047
6940	21940
8910	23910
12008	26503
11145	25849
7639	22639
7220	22220
11751	28433
7619	22619
10109	25109
5990	20990
14885	25999
13670	27082
5727	20727
5425	20425
6019	21019
10043	25043
12940	27103
7348	22348
3978	18978
14586	25771
9829	24829
109	15109
8602	23602
7423	22423
8724	23724
9527	24527
1472	16472
4906	19906
6469	21469
2761	17761
6741	21741
898	15898
1440	16440
350	15350
603	15603
7772	22772
9473	24473
5757	20757
14057	29266
9397	24397
3857	18857
6690	21690
6323	21323
14166	28453
298	15298
13337	25551
2305	17305
11999	27740
4370	19370
3337	18337
3824	18824
13975	26498
7898	22898
14529	29296
3312	18312
11460	25939
8269	23269
2176	17176
5687	20687
11447	27156
3923	18923
6800	21800
2569	17569
454	15454
7196	22196
10150	25150
13631	29211
13696	27411
6256	21256
9314	24314
9864	24864
9162	24162
745	15745
13967	25981
3551	18551
1677	16677
6924	21924
2597	17597
5622	20622
9269	24269
6792	21792
2855	17855
6776	21776
11456	25675
6404	21404
6915	21915
6141	21141
5240	20240
12435	29882
12994	28425
2411	17411
10672	26363
11950	26035
2029	17029
2673	17673
5619	20619
8730	23730
7730	22730
7450	22450
6337	21337
4656	19656
1567	16567
13109	27778
14492	26074
12078	28302
4468	19468
13480	29069
6333	21333
2532	17532
10563	28464
821	15821
2757	17757
9201	24201
5168	20168
12348	25722
5822	20822
7370	22370
9505	24505
10202	25202
14213	29181
2389	17389
10962	26790
825	15825
9702	24702
25	15025
1360	16360
571	15571
2814	17814
14609	26131
12126	28236
12225	28088
2264	17264
14160	25996
10936	29939
2869	17869
9911	24911
4218	19218
14793	25854
14300	26831
6214	21214
11931	27271
1227	16227
9990	24990
2772	17772
11579	28071
5761	20761
3841	18841
7127	22127
7995	22995
5934	20934
3927	18927
12025	27415
3162	18162
13821	26889
5963	20963
7151	22151
5225	20225
8337	23337
10156	25156
4374	19374
12490	28639
5841	20841
10958	29075
1188	16188
2850	17850
11631	29454
984	15984
3007	18007
11646	27201
8677	23677
907	15907
11352	28910
168	15168
10980	29984
12316	25814
5968	20968
13411	26103
11119	26965
9137	24137
5858	20858
7955	22955
583	15583
12901	26530
4964	19964
6998	21998
1126	16126
8946	23946
7608	22608
14324	27007
12567	26455
13539	27658
14624	26385
5132	20132
5130	20130
3369	18369
14124	29243
12917	28962
10015	25015
10871	26854
7007	22007
13472	27520
6493	21493
2495	17495
13169	28744
397	15397
2621	17621
11777	29802
8922	23922
12034	26152
6150	21150
1469	16469
3065	18065
2156	17156
2638	17638
500	15500
5419	20419
7434	22434
9276	24276
11236	26881
8691	23691
1995	16995
6810	21810
8184	23184
6964	21964
8429	23429
8208	23208
1871	16871
8155	23155
6665	21665
2854	17854
5223	20223
1988	16988
6896	21896
14827	28622
1102	16102
754	15754
1661	16661
14775	29027
2696	17696
14872	27179
13937	29628
13148	27959
6707	21707
6565	21565
14477	27392
5288	20288
5297	20297
8118	23118
1770	16770
6460	21460
9007	24007
5915	20915
4167	19167
5873	20873
7419	22419
12834	26756
4941	19941
8548	23548
10116	25116
10855	26702
5830	20830
14056	26867
9674	24674
13951	29589
3910	18910
14022	26321
2012	17012
305	15305
2603	17603
12874	26695
14046	25698
6550	21550
9086	24086
1941	16941
9751	24751
3203	18203
2989	17989
676	15676
13994	28797
13255	28821
14440	28756
14154	27906
5044	20044
9155	24155
12570	25979
13970	29408
14368	28597
6177	21177
12965	26283
4427	19427
8248	23248
4685	19685
13451	29055
7113	22113
2285	17285
11161	28291
5124	20124
7098	22098
3512	18512
6894	21894
14769	25859
12928	26979
5552	20552
4726	19726
14549	28424
3788	18788
10604	26469
5904	20904
9476	24476
5991	20991
10890	27999
12737	29288
11021	28442
14444	29973
10475	25475
5465	20465
12903	29666
4423	19423
3031	18031
14524	26754
1453	16453
13441	26371
6314	21314
11840	29321
9645	24645
11818	28601
10198	25198
4043	19043
3255	18255
7399	22399
7443	22443
10173	25173
383	15383
7781	22781
7731	22731
9154	24154
5943	20943
5200	20200
2151	17151
8542	23542
10205	25205
10605	29215
8173	23173
11478	27152
7886	22886
8042	23042
3409	18409
11322	28173
14463	26202
11129	26224
5693	20693
10055	25055
10038	25038
4917	19917
7887	22887
6804	21804
6369	21369
2021	17021
2393	17393
6671	21671
2010	17010
8533	23533
8505	23505
3209	18209
5910	20910
11920	26958
10167	25167
3575	18575
1789	16789
1565	16565
4569	19569
6152	21152
13437	27035
13850	28502
11645	26184
11774	26219
13595	28948
474	15474
10709	27174
9565	24565
200	15200
2640	17640
279	15279
4385	19385
10610	27627
7406	22406
10259	25259
4112	19112
13143	28010
13540	27930
9983	24983
13449	26941
11214	29639
6050	21050
9110	24110
5491	20491
495	15495
12854	28968
13362	25504
13791	29297
10813	26502
8170	23170
6586	21586
2957	17957
10983	26626
2239	17239
7921	22921
1555	16555
3171	18171
260	15260
10499	25499
6195	21195
12056	29878
3768	18768
12377	29814
11897	26895
9264	24264
10218	25218
12541	27026
6112	21112
6466	21466
10267	25267
988	15988
12806	28184
8096	23096
6912	21912
14610	26781
14406	28559
9732	24732
8819	23819
6530	21530
5743	20743
13867	26315
9596	24596
1229	16229
11731	29121
3792	18792
6611	21611
4739	19739
11553	27974
14563	26118
11480	25952
2901	17901
4841	19841
121	15121
10032	25032
14668	25538
13725	29643
2766	17766
10447	25447
14656	29869
8202	23202
7052	22052
13846	29872
13797	28941
11055	25927
2326	17326
13946	25689
14734	29161
12749	28863
10160	25160
9069	24069
1957	16957
14042	28394
5375	20375
3384	18384
8550	23550
6135	21135
11193	28963
6982	21982
9862	24862
9335	24335
13214	29062
11282	27731
12717	28870
11779	29241
14290	27895
10645	27693
3072	18072
69	15069
12946	25611
5045	20045
12256	29467
6254	21254
6963	21963
8195	23195
14810	25748
5391	20391
13707	28129
6941	21941
10765	25869
7793	22793
8394	23394
4046	19046
4342	19342
4318	19318
3590	18590
452	15452
10400	25400
2038	17038
13683	25977
14580	29594
2511	17511
7305	22305
5559	20559
14684	26777
9470	24470
14969	28057
5956	20956
4898	19898
2690	17690
702	15702
13500	26011
1790	16790
12421	29349
6334	21334
5085	20085
7135	22135
4058	19058
5303	20303
8611	23611
638	15638
11184	26924
1146	16146
8043	23043
6820	21820
7346	22346
3033	18033
10921	26445
9774	24774
14761	25779
11083	28504
855	15855
3865	18865
14678	28630
1247	16247
4563	19563
4676	19676
10776	28737
7932	22932
6520	21520
7383	22383
4406	19406
3252	18252
12902	29393
1029	16029
2571	17571
8516	23516
530	15530
10531	28885
5497	20497
3708	18708
11425	26897
12561	25660
4526	19526
13882	26671
7761	22761
9469	24469
12781	25793
225	15225
7821	22821
12778	28692
10868	29567
8174	23174
10732	26847
9754	24754
9286	24286
4334	19334
1979	16979
7926	22926
839	15839
4955	19955
11127	29291
8805	23805
13675	26900
10940	29873
7334	22334
4404	19404
13384	25521
5891	20891
7204	22204
9495	24495
3054	18054
14177	27558
14040	29404
1673	16673
12343	25959
8620	23620
3620	18620
3235	18235
8005	23005
3175	18175
12970	28759
8963	23963
9236	24236
14518	29538
7749	22749
14620	26556
7597	22597
7249	22249
5492	20492
8143	23143
9802	24802
10131	25131
9203	24203
3019	18019
8328	23328
14365	25544
4435	19435
2225	17225
8358	23358
9955	24955
13168	29547
650	15650
344	15344
2369	17369
518	15518
4696	19696
7302	22302
5332	20332
11965	29518
8316	23316
315	15315
11059	27541
892	15892
6630	21630
11339	26964
4169	19169
2907	17907
8817	23817
7010	22010
12647	29130
4540	19540
2996	17996
13825	27771
10101	25101
12820	29757
13556	25882
2941	17941
14013	27262
2821	17821
4747	19747
12076	26082
9744	24744
5763	20763
7112	22112
10640	28325
12048	29502
709	15709
6822	21822
13998	27175
4805	19805
11516	28796
12309	27145
3106	18106
8498	23498
3552	18552
14469	26954
9544	24544
7649	22649
10455	25455
4207	19207
8128	23128
5579	20579
7665	22665
6758	21758
2378	17378
2470	17470
5067	20067
6344	21344
11896	26430
4657	19657
5113	20113
11867	27703
1367	16367
4079	19079
6073	21073
7000	22000
5676	20676
6736	21736
12400	29901
5823	20823
10778	25502
1113	16113
5263	20263
11904	25727
5922	20922
6011	21011
10682	27331
6993	21993
9066	24066
4678	19678
13739	29712
558	15558
5400	20400
14439	29555
6513	21513
2394	17394
11911	28617
9947	24947
14741	29735
3152	18152
3206	18206
6684	21684
2237	17237
5993	20993
7659	22659
93	15093
786	15786
4001	19001
8722	23722
5150	20150
10612	29433
3850	18850
1475	16475
5753	20753
8389	23389
6956	21956
10970	29223
13096	29416
12588	28188
2063	17063
7743	22743
1898	16898
5974	20974
11482	28768
10586	29345
671	15671
3558	18558
11075	29927
12011	25966
9458	24458
6603	21603
4757	19757
9052	24052
680	15680
9251	24251
7878	22878
13110	29412
6484	21484
10091	25091
5057	20057
11763	26573
14630	29237
7644	22644
8171	23171
12675	25507
4606	19606
2868	17868
8214	23214
8721	23721
443	15443
1366	16366
1191	16191
11783	28156
10666	26464
1105	16105
10686	26373
2007	17007
11464	29530
9981	24981
3937	18937
3594	18594
9760	24760
10248	25248
6006	21006
1888	16888
11900	28743
10097	25097
4486	19486
1528	16528
7247	22247
3494	18494
237	15237
2340	17340
3282	18282
5568	20568
6923	21923
8379	23379
9878	24878
10701	29479
9679	24679
13056	29856
6142	21142
2396	17396
1431	16431
8409	23409
11981	29350
2827	17827
9160	24160
40	15040
7369	22369
11041	26168
5348	20348
6779	21779
14043	28472
1791	16791
3632	18632
1893	16893
3582	18582
5047	20047
2776	17776
4141	19141
5783	20783
12039	26416
6689	21689
7482	22482
9962	24962
1577	16577
894	15894
9500	24500
12366	25841
2859	17859
2764	17764
14109	29592
12836	27577
12573	27663
12250	26655
4307	19307
11468	26000
2184	17184
5635	20635
8627	23627
3196	18196
10398	25398
8735	23735
2493	17493
3770	18770
13656	29050
8639	23639
6735	21735
3283	18283
8871	23871
11696	28293
7891	22891
3994	18994
13490	29731
6908	21908
7422	22422
5533	20533
12294	28734
13503	27181
8544	23544
13065	28426
8108	23108
5613	20613
2182	17182
910	15910
3022	18022
2308	17308
10784	26691
1663	16663
8570	23570
9879	24879
11989	27772
7295	22295
14930	26443
12625	26785
8009	23009
1225	16225
7337	22337
11120	26533
1799	16799
2817	17817
13251	27722
2444	17444
1195	16195
6563	21563
14059	25871
2490	17490
6861	21861
11813	27876
475	15475
1165	16165
5304	20304
5306	20306
12293	29951
7374	22374
3501	18501
6101	21101
12301	27991
9657	24657
14972	29910
12005	28499
8842	23842
7308	22308
12098	28282
6343	21343
13729	26214
3932	18932
12907	26492
8115	23115
2276	17276
9539	24539
13712	26885
1566	16566
12873	26253
11961	28018
3424	18424
7061	22061
14455	27150
6802	21802
7152	22152
12740	26846
5357	20357
4551	19551
11922	27677
14485	28551
6777	21777
5987	20987
4440	19440
4330	19330
12802	28931
11893	26075
1310	16310
6687	21687
5226	20226
11168	27024
14544	28131
11421	26560
10490	25490
12334	29270
13839	27784
1997	16997
11176	27606
1867	16867
6832	21832
1268	16268
3177	18177
4248	19248
1341	16341
13578	28085
124	15124
1083	16083
11252	25805
7954	22954
9135	24135
1447	16447
4973	19973
516	15516
11143	27138
3613	18613
9494	24494
14170	25968
7476	22476
7701	22701
12713	25826
9718	24718
5013	20013
9043	24043
4693	19693
7598	22598
11506	27229
2982	17982
12939	28953
3231	18231
13486	29205
2486	17486
6877	21877
2199	17199
3855	18855
2429	17429
12775	28538
5881	20881
9704	24704
13431	29826
12070	27617
2794	17794
6188	21188
11190	29004
11153	25755
8437	23437
11966	29784
13089	27161
7199	22199
9196	24196
3121	18121
13296	26734
10768	27027
8874	23874
14657	26470
2386	17386
13086	28583
12302	27600
9021	24021
6732	21732
11179	28201
8915	23915
110	15110
9588	24588
12038	26435
5814	20814
2886	17886
6390	21390
3270	18270
4409	19409
9723	24723
7580	22580
12832	28240
11996	29033
11233	28704
6179	21179
13754	25690
2990	17990
9949	24949
1547	16547
3844	18844
4076	19076
4212	19212
7343	22343
479	15479
11299	28912
14770	28083
948	15948
871	15871
12464	29313
4084	19084
4791	19791
10553	26759
8558	23558
12950	25769
10342	25342
13687	25597
9726	24726
2639	17639
4601	19601
11116	27217
8225	23225
7685	22685
8054	23054
14064	27008
11760	27379
494	15494
2568	17568
11776	29460
7327	22327
4629	19629
9508	24508
6903	21903
5819	20819
7712	22712
8929	23929
13152	29125
11395	28512
4323	19323
14182	28168
13170	29330
6277	21277
8928	23928
6769	21769
2319	17319
4446	19446
8705	23705
11830	26838
2895	17895
1834	16834
9243	24243
4614	19614
12920	29353
10170	25170
2314	17314
11948	29030
4027	19027
14923	27854
4299	19299
2113	17113
11402	29422
7972	22972
10534	27117
6360	21360
10361	25361
8941	23941
801	15801
5298	20298
5919	20919
5438	20438
11882	27643
364	15364
4184	19184
5213	20213
14370	29956
2476	17476
13881	29376
4344	19344
20	15020
5797	20797
3990	18990
729	15729
8228	23228
147	15147
5604	20604
13011	28000
2634	17634
14273	25501
10329	25329
7818	22818
7160	22160
8088	23088
14434	27868
8598	23598
6166	21166
3182	18182
6357	21357
1224	16224
241	15241
11076	28805
2119	17119
9161	24161
5595	20595
6378	21378
13455	28376
5424	20424
416	15416
13164	28624
6614	21614
13353	28264
14243	28921
1270	16270
2250	17250
6772	21772
9671	24671
5558	20558
12106	27427
12168	28739
1056	16056
6292	21292
1823	16823
13012	27141
11657	26890
3837	18837
1984	16984
7748	22748
14391	27313
4422	19422
4106	19106
424	15424
8180	23180
8982	23982
4362	19362
5784	20784
3966	18966
6995	21995
6959	21959
4580	19580
537	15537
12109	27209
12071	29172
4042	19042
805	15805
5840	20840
13847	27047
224	15224
50	15050
2780	17780
2348	17348
8084	23084
13548	28250
6095	21095
9914	24914
12887	27963
8435	23435
13299	28254
7359	22359
5576	20576
13766	25670
12248	28849
11417	28565
14223	28906
10568	27723
14272	28095
8167	23167
9892	24892
6149	21149
5767	20767
2355	17355
3604	18604
13488	28554
9780	24780
9691	24691
3562	18562
287	15287
4716	19716
7430	22430
12704	29758
8473	23473
4065	19065
7230	22230
13039	29552
117	15117
10852	26072
10384	25384
11852	27299
5723	20723
8971	23971
9000	24000
14318	27961
12641	26378
3084	18084
1502	16502
6240	21240
14431	25753
1539	16539
6830	21830
9258	24258
5112	20112
5740	20740
9841	24841
12487	26128
12560	28556
13201	28543
10349	25349
11624	27802
9095	24095
9211	24211
14739	26571
7330	22330
444	15444
11037	28299
13922	26080
8504	23504
13125	27485
2981	17981
11682	27272
14383	27355
3713	18713
1820	16820
8994	23994
14888	26093
6080	21080
7034	22034
4302	19302
4511	19511
10397	25397
870	15870
2516	17516
8822	23822
12696	28740
3309	18309
12347	27162
7919	22919
11612	27222
10505	28032
3677	18677
5426	20426
3346	18346
12878	26844
13530	28505
2998	17998
1051	16051
3950	18950
9665	24665
9987	24987
4321	19321
9139	24139
10636	25986
3049	18049
11323	27477
8829	23829
3828	18828
9882	24882
2751	17751
5052	20052
14626	28417
5361	20361
1213	16213
5864	20864
12912	29179
8056	23056
7630	22630
10477	25477
7456	22456
226	15226
10714	25606
4012	19012
14231	27253
7799	22799
14583	25589
13836	25879
11232	25598
339	15339
8650	23650
11707	25971
10555	28107
9509	24509
11475	27568
150	15150
10189	25189
13050	29603
13722	26894
9957	24957
12747	29807
6003	21003
5083	20083
14024	27372
11528	28334
13629	28028
10089	25089
5076	20076
1535	16535
107	15107
1963	16963
14464	27337
3105	18105
7861	22861
4749	19749
9429	24429
2526	17526
9324	24324
11546	26417
4679	19679
5989	20989
13197	25866
13820	27239
2675	17675
6146	21146
1759	16759
9617	24617
13278	28419
12583	29441
13552	29737
7796	22796
7432	22432
14820	26415
7800	22800
13212	26619
10774	28309
4830	19830
12288	28362
11688	27724
14274	25720
10236	25236
12380	28647
9077	24077
5275	20275
1420	16420
2767	17767
3714	18714
10162	25162
7192	22192
5418	20418
511	15511
6990	21990
2147	17147
2711	17711
12333	29180
5992	20992
9152	24152
13900	27298
10908	28626
10204	25204
4905	19905
12247	26892
8517	23517
4790	19790
8738	23738
3308	18308
14030	29870
8519	23519
2975	17975
9454	24454
6274	21274
3748	18748
14220	28108
4504	19504
14709	29514
3787	18787
3711	18711
8681	23681
143	15143
7312	22312
149	15149
13118	27545
10410	25410
14777	25998
12708	25962
5587	20587
1067	16067
4519	19519
5738	20738
5416	20416
10423	25423
4781	19781
10895	27255
4976	19976
3740	18740
5380	20380
8398	23398
11237	29636
7897	22897
4591	19591
8514	23514
3853	18853
2949	17949
12153	28513
4252	19252
13581	26906
2070	17070
4843	19843
11842	27719
11504	25924
11925	26677
11230	27684
8259	23259
5932	20932
8445	23445
5511	20511
8795	23795
14051	29620
5537	20537
9649	24649
10594	25743
7154	22154
6222	21222
13603	27115
5657	20657
12196	26546
5615	20615
7252	22252
11649	27412
11507	26386
3151	18151
14774	26216
12814	26332
641	15641
1359	16359
12888	26217
2809	17809
4473	19473
1098	16098
14582	27263
14292	27108
8392	23392
8426	23426
14522	28218
12371	29113
1300	16300
4861	19861
2745	17745
9873	24873
3277	18277
10347	25347
1048	16048
9115	24115
9188	24188
506	15506
6204	21204
5141	20141
12726	29906
3791	18791
4885	19885
10212	25212
2428	17428
1092	16092
11481	25909
2871	17871
3986	18986
462	15462
12771	27194
5817	20817
3667	18667
5644	20644
6182	21182
5065	20065
11863	27582
9172	24172
11683	26265
8763	23763
1214	16214
10381	25381
1756	16756
12003	27642
9578	24578
9125	24125
14419	26163
6721	21721
2274	17274
9481	24481
728	15728
11030	27213
484	15484
4210	19210
5742	20742
1125	16125
11452	29887
13920	29010
8467	23467
2329	17329
9382	24382
831	15831
8592	23592
3063	18063
11591	26167
8029	23029
9545	24545
13769	28253
8832	23832
8968	23968
9900	24900
14078	29626
4644	19644
9820	24820
8260	23260
5710	20710
13079	29962
9128	24128
2122	17122
10971	28237
3395	18395
6504	21504
11035	26729
12787	28180
7911	22911
9383	24383
5038	20038
5908	20908
7775	22775
13700	26215
9124	24124
285	15285
6573	21573
10359	25359
10669	28401
5942	20942
6730	21730
11185	25579
3479	18479
11534	29835
8099	23099
8685	23685
5571	20571
8216	23216
5940	20940
4128	19128
14617	28214
5921	20921
4733	19733
8697	23697
2465	17465
622	15622
1186	16186
2027	17027
12957	28882
14996	28637
1803	16803
14219	29120
5809	20809
2300	17300
10213	25213
14629	25575
13174	28700
11222	29792
12448	26956
12304	29163
6225	21225
1552	16552
1428	16428
14921	27399
13776	26676
6931	21931
1580	16580
12774	25809
8288	23288
2680	17680
2839	17839
2935	17935
9304	24304
1159	16159
9650	24650
7205	22205
9919	24919
966	15966
5155	20155
11560	26932
13185	28747
13734	25603
11087	28312
14896	26079
10321	25321
1294	16294
11050	29107
11461	29913
2368	17368
5478	20478
4213	19213
1419	16419
724	15724
7255	22255
2287	17287
7676	22676
11074	25858
6795	21795
2353	17353
9362	24362
5618	20618
6338	21338
1604	16604
1299	16299
4346	19346
12136	29660
3140	18140
4087	19087
8503	23503
6672	21672
14904	26300
3883	18883
11793	25829
3201	18201
12277	29759
10642	27495
13501	25832
3093	18093
3246	18246
14552	27657
1099	16099
4	15004
14805	28761
3486	18486
823	15823
10991	28590
10964	27943
5110	20110
7083	22083
6070	21070
1323	16323
14755	27277
5485	20485
12220	29165
6294	21294
4645	19645
51	15051
7379	22379
8623	23623
5071	20071
6060	21060
8849	23849
13084	27715
4376	19376
4081	19081
6919	21919
4072	19072
13370	27187
10418	25418
7487	22487
13184	28418
1433	16433
11538	29520
9222	24222
13417	27522
8878	23878
12310	25630
8302	23302
6984	21984
9036	24036
11441	26934
10260	25260
3410	18410
5971	20971
3776	18776
13476	27406
429	15429
13172	29474
5393	20393
10128	25128
4779	19779
10309	25309
6263	21263
2166	17166
5959	20959
8447	23447
4069	19069
12340	27330
836	15836
13667	29187
4018	19018
4151	19151
2642	17642
8345	23345
8111	23111
8322	23322
3439	18439
12624	28170
13535	25736
7773	22773
71	15071
3091	18091
5556	20556
406	15406
14694	28709
12453	25679
4851	19851
13563	26213
4220	19220
7186	22186
2207	17207
11220	26697
3292	18292
14155	26347
13662	25537
3755	18755
10723	27820
7264	22264
5870	20870
7718	22718
4832	19832
1369	16369
12659	29572
2026	17026
7254	22254
13555	29510
358	15358
13571	25573
1414	16414
4469	19469
11566	29157
10715	26569
7925	22925
1560	16560
4292	19292
5301	20301
2024	17024
10996	27836
2398	17398
2023	17023
8185	23185
3136	18136
178	15178
906	15906
1265	16265
7915	22915
3225	18225
256	15256
4988	19988
7852	22852
10009	25009
14265	28397
818	15818
4619	19619
9778	24778
2749	17749
13435	27821
1809	16809
359	15359
14845	29871
4466	19466
12890	28979
7806	22806
642	15642
2042	17042
7415	22415
4801	19801
1667	16667
3381	18381
13060	27793
6462	21462
5880	20880
9643	24643
9801	24801
14278	26491
761	15761
10773	29976
7914	22914
7786	22786
5828	20828
7213	22213
14674	27120
3898	18898
12948	29630
5088	20088
12972	27167
8530	23530
4561	19561
6651	21651
1417	16417
4443	19443
10854	25524
4520	19520
4152	19152
2289	17289
8919	23919
11029	28943
7028	22028
9305	24305
317	15317
940	15940
7892	22892
11699	29359
1999	16999
11909	27573
8734	23734
8903	23903
6359	21359
9713	24713
12399	26848
8843	23843
12816	29458
9147	24147
11675	28909
9190	24190
10093	25093
4447	19447
6617	21617
12527	26225
7518	22518
7335	22335
6629	21629
3568	18568
12096	29789
1144	16144
8231	23231
6878	21878
14210	25610
5640	20640
4045	19045
7540	22540
2521	17521
232	15232
6363	21363
14659	29785
10262	25262
116	15116
6361	21361
480	15480
2912	17912
4774	19774
12303	27672
12914	28922
7606	22606
14303	25691
13307	27090
12865	27370
2789	17789
3397	18397
11139	25972
12028	26907
3688	18688
4082	19082
13395	25688
13112	28126
14932	28924
13418	25632
2574	17574
10726	28983
6394	21394
8110	23110
3103	18103
6181	21181
6602	21602
1688	16688
4523	19523
6697	21697
9431	24431
12027	25655
1170	16170
12192	29012
14763	28764
13158	29358
5163	20163
10700	29881
12390	26022
12831	27448
7124	22124
7177	22177
5791	20791
7855	22855
10185	25185
3508	18508
968	15968
3912	18912
12644	29022
14606	29616
3202	18202
13028	27398
5026	20026
1546	16546
8943	23943
8944	23944
4882	19882
13248	26467
11679	25595
5650	20650
3493	18493
13636	28127
10369	25369
13772	28642
7303	22303
11602	27546
3332	18332
5669	20669
14520	29773
10478	25478
13997	28048
13312	28171
2443	17443
14178	25811
4719	19719
10622	26800
11556	27369
123	15123
5957	20957
4866	19866
11975	26255
12961	29084
9127	24127
3977	18977
6315	21315
2742	17742
3736	18736
6137	21137
12925	29607
4641	19641
10073	25073
8577	23577
4879	19879
13680	26579
986	15986
10138	25138
7607	22607
4062	19062
6496	21496
14407	28961
9372	24372
9225	24225
10766	28674
4269	19269
9349	24349
860	15860
8482	23482
1513	16513
10411	25411
12745	29687
4204	19204
12374	26833
13246	28667
2291	17291
13582	28114
5951	20951
3168	18168
11345	27460
13083	28004
3107	18107
6649	21649
7988	22988
2058	17058
9618	24618
6664	21664
12007	25731
11016	25623
14991	26318
7320	22320
3167	18167
14556	26364
7889	22889
1238	16238
7490	22490
12238	28865
10391	25391
1727	16727
13452	28927
12871	26722
8062	23062
917	15917
3761	18761
9353	24353
2282	17282
1399	16399
14421	29269
3720	18720
4677	19677
11384	28217
9629	24629
6183	21183
4325	19325
10900	26201
8773	23773
12998	26830
14360	28657
14006	27375
9228	24228
8637	23637
9587	24587
3215	18215
4098	19098
13239	29038
8196	23196
6118	21118
5845	20845
10496	25496
1183	16183
12305	28903
6782	21782
6909	21909
14443	25835
14039	29235
13902	28080
10456	25456
8384	23384
7325	22325
4909	19909
3831	18831
1866	16866
5087	20087
14052	29617
13623	28951
9085	24085
9363	24363
8052	23052
7262	22262
4584	19584
8235	23235
8342	23342
13695	25804
1117	16117
2339	17339
2651	17651
5777	20777
9977	24977
1656	16656
8402	23402
10003	25003
1292	16292
14086	29691
4742	19742
6985	21985
4067	19067
11001	25599
3882	18882
3759	18759
12195	26707
843	15843
10482	25482
440	15440
3900	18900
5005	20005
9741	24741
8104	23104
3077	18077
6950	21950
12319	26823
12501	29329
11669	27010
3300	18300
5886	20886
13981	27247
12699	27997
3654	18654
12911	26586
7959	22959
6125	21125
1722	16722
6175	21175
12636	27352
12804	29880
9611	24611
13874	25989
13664	29919
6411	21411
682	15682
11798	27594
8215	23215
11905	27730
5162	20162
2531	17531
9563	24563
8741	23741
2777	17777
4063	19063
4722	19722
628	15628
565	15565
3234	18234
1951	16951
5808	20808
14139	29644
13669	28138
482	15482
8177	23177
8635	23635
3956	18956
3393	18393
6814	21814
3849	18849
8480	23480
14395	26960
2591	17591
8253	23253
14127	27388
10186	25186
916	15916
4272	19272
14588	28150
2570	17570
752	15752
8377	23377
10754	26090
14519	28235
5481	20481
3437	18437
10290	25290
3087	18087
2487	17487
9853	24853
9387	24387
1100	16100
2588	17588
11952	26692
7906	22906
6299	21299
4228	19228
7452	22452
3179	18179
912	15912
345	15345
13526	29743
11814	28110
10742	28139
12603	28588
164	15164
12270	27442
11431	28940
9660	24660
9621	24621
5887	20887
6728	21728
10606	26604
11992	27674
722	15722
6681	21681
9107	24107
13400	26353
10227	25227
5115	20115
10120	25120
1796	16796
14269	26047
6483	21483
1130	16130
12440	26796
7590	22590
5895	20895
6362	21362
928	15928
11291	25705
8189	23189
1589	16589
11584	26534
11702	27608
1819	16819
12968	26563
14376	29924
10947	28407
3811	18811
12137	29373
10273	25273
6798	21798
1969	16969
14690	25781
5555	20555
5594	20594
11530	28933
14767	26528
8430	23430
14192	27614
1115	16115
9151	24151
632	15632
8040	23040
2626	17626
1671	16671
14550	29578
5354	20354
7005	22005
8283	23283
13520	27825
1084	16084
14798	27261
10525	27148
9449	24449
6069	21069
6081	21081
13267	29388
5509	20509
3670	18670
3009	18009
12164	29654
3459	18459
8403	23403
4491	19491
502	15502
8333	23333
1331	16331
1327	16327
31	15031
21	15021
9446	24446
520	15520
4658	19658
11759	27265
815	15815
3385	18385
4512	19512
9163	24163
11769	29128
11175	26866
6342	21342
14206	25862
13898	26603
10308	25308
3191	18191
10306	25306
10658	26501
5806	20806
9689	24689
13136	28296
1825	16825
8370	23370
11430	27625
8777	23777
5149	20149
2031	17031
1019	16019
6084	21084
10843	27844
3435	18435
8790	23790
2005	17005
1173	16173
8757	23757
9080	24080
11260	28897
1922	16922
1457	16457
1798	16798
4241	19241
8218	23218
13828	25839
9206	24206
13978	28356
10254	25254
2103	17103
13510	26073
5073	20073
1793	16793
6935	21935
5474	20474
14301	26904
10977	28255
13457	27496
334	15334
8858	23858
11137	26903
379	15379
9393	24393
2716	17716
11363	28591
8119	23119
3815	18815
7147	22147
14977	26434
12738	29837
10794	27628
10115	25115
13925	29044
286	15286
8150	23150
41	15041
6164	21164
1075	16075
1644	16644
6700	21700
7939	22939
13076	27316
3678	18678
5191	20191
6028	21028
13445	29085
11144	28249
2016	17016
1721	16721
10470	25470
7176	22176
6576	21576
3962	18962
2143	17143
1316	16316
10200	25200
13081	28115
1473	16473
7978	22978
12055	26616
846	15846
8742	23742
12960	27965
7036	22036
13342	26119
1718	16718
451	15451
10424	25424
6628	21628
13377	27002
8282	23282
6918	21918
371	15371
5633	20633
10317	25317
6287	21287
7604	22604
469	15469
3530	18530
11676	26820
4015	19015
2888	17888
3663	18663
5548	20548
6111	21111
11737	28228
10539	29693
8900	23900
13955	28710
1845	16845
2485	17485
14697	27791
1541	16541
13833	28062
1985	16985
11782	25799
5243	20243
12577	27893
1196	16196
12750	25895
6	15006
10030	25030
1882	16882
10708	26922
6020	21020
6285	21285
3861	18861
1736	16736
2661	17661
14574	28390
6490	21490
14714	28215
13586	26624
13105	26647
6971	21971
7777	22777
11956	27310
8037	23037
14347	27367
4570	19570
5250	20250
13242	29355
14003	26325
7445	22445
1199	16199
233	15233
7129	22129
8277	23277
11196	25708
13343	27874
7640	22640
10231	25231
4086	19086
7601	22601
1576	16576
3414	18414
6783	21783
6673	21673
13346	28907
11437	26868
4664	19664
14986	28084
4636	19636
591	15591
5551	20551
11195	28277
6470	21470
4237	19237
624	15624
1053	16053
363	15363
8926	23926
9842	24842
10946	27500
7172	22172
7248	22248
2829	17829
13647	27084
11582	28741
11314	28273
4530	19530
9386	24386
10758	25682
14402	27811
6808	21808
11148	28197
9031	24031
11698	25569
6753	21753
5535	20535
2455	17455
707	15707
7582	22582
11924	29409
6585	21585
3313	18313
13927	26953
13366	26782
6548	21548
7212	22212
5599	20599
6805	21805
14176	26468
1123	16123
661	15661
3812	18812
3762	18762
3592	18592
700	15700
4951	19951
7544	22544
914	15914
10114	25114
5662	20662
3124	18124
6157	21157
1696	16696
1382	16382
7070	22070
12444	28278
8633	23633
12000	27168
1135	16135
4761	19761
14720	26577
404	15404
12068	27535
14045	27702
3521	18521
14341	28482
9100	24100
11326	28017
12015	25710
6467	21467
1992	16992
4197	19197
386	15386
11522	29798
6701	21701
3570	18570
13166	28020
8443	23443
12600	28205
4270	19270
6193	21193
1355	16355
151	15151
11887	28284
3539	18539
13252	26028
13727	28595
3008	18008
11420	29233
958	15958
4219	19219
12678	28816
4375	19375
748	15748
12824	27391
3999	18999
7975	22975
8646	23646
11070	28748
11562	26055
2722	17722
134	15134
11493	29685
3325	18325
10718	26448
2201	17201
4980	19980
9526	24526
6788	21788
8165	23165
3981	18981
6045	21045
9694	24694
8749	23749
6632	21632
2087	17087
1510	16510
377	15377
5464	20464
14581	27441
3987	18987
5037	20037
3028	18028
2692	17692
14441	27847
621	15621
6981	21981
8055	23055
3863	18863
8965	23965
14507	29816
5711	20711
14685	29363
6398	21398
11047	27420
4166	19166
4503	19503
3827	18827
6653	21653
400	15400
11643	29440
9298	24298
14328	28787
9849	24849
3633	18633
14172	29568
1141	16141
3254	18254
1833	16833
2792	17792
13635	26628
9466	24466
13475	29177
8755	23755
5431	20431
11685	29506
9838	24838
13074	28650
6430	21430
14936	28393
14143	29615
5793	20793
11109	29542
8307	23307
12246	29904
7770	22770
7759	22759
13838	28864
501	15501
9681	24681
10415	25415
13027	29076
7494	22494
7119	22119
8569	23569
2903	17903
13220	29169
11826	29305
8463	23463
12159	29461
13473	27257
11604	28678
3949	18949
11268	29935
3119	18119
2845	17845
7231	22231
3334	18334
10278	25278
14422	28176
12879	26543
12715	27076
4035	19035
10389	25389
9695	24695
10787	25985
436	15436
14565	25543
2607	17607
2385	17385
2036	17036
7790	22790
4672	19672
2705	17705
10007	25007
12988	27653
13290	28349
7314	22314
96	15096
6947	21947
10959	29278
13908	26506
3411	18411
14760	28580
14866	27726
1013	16013
938	15938
13415	28213
2483	17483
13040	25724
4810	19810
9299	24299
1308	16308
4707	19707
9440	24440
8597	23597
1235	16235
3153	18153
13602	27716
2439	17439
1036	16036
81	15081
11781	29680
2636	17636
4203	19203
5946	20946
807	15807
12002	27593
7542	22542
9658	24658
8594	23594
12557	26479
4345	19345
4176	19176
3480	18480
10591	28434
2247	17247
167	15167
11229	27565
14922	29541
12069	26928
