1422	16422
11392	28456
4704	19704
5014	20014
3309	18309
1817	16817
11799	29567
9372	24372
6659	21659
14145	25840
3667	18667
8961	23961
8532	23532
6222	21222
3090	18090
2599	17599
9795	24795
6667	21667
3059	18059
4344	19344
8159	23159
4905	19905
8960	23960
8072	23072
12934	26403
7443	22443
8629	23629
6314	21314
5356	20356
8794	23794
12653	25857
12326	28283
7828	22828
4638	19638
9231	24231
12856	29777
3087	18087
8326	23326
10895	29951
3284	18284
11418	25701
11274	28562
7606	22606
3599	18599
6331	21331
3864	18864
8865	23865
1245	16245
4908	19908
2590	17590
14142	26465
3294	18294
7282	22282
6369	21369
10445	25445
8944	23944
3497	18497
1762	16762
3261	18261
7394	22394
5210	20210
6189	21189
9769	24769
779	15779
5117	20117
1417	16417
12058	25635
82	15082
13949	26081
695	15695
7122	22122
14122	29947
3066	18066
12498	29776
11674	29769
3889	18889
5534	20534
8262	23262
10695	25759
10986	26378
9123	24123
14154	28275
14854	27492
4587	19587
9936	24936
4765	19765
13496	28644
1614	16614
3415	18415
12356	28254
12028	25764
11864	27307
1723	16723
11059	29423
13109	25733
9961	24961
6082	21082
14439	27422
12213	27253
9100	24100
6559	21559
4196	19196
10427	25427
2486	17486
12754	26358
11613	25613
2836	17836
14756	27718
10371	25371
7830	22830
13901	28056
716	15716
13673	26807
1905	16905
10795	28119
6086	21086
6521	21521
8854	23854
3680	18680
4322	19322
6081	21081
7876	22876
5700	20700
3344	18344
5131	20131
13867	29339
6747	21747
2045	17045
6154	21154
48	15048
12788	25972
4050	19050
4620	19620
18	15018
2162	17162
5288	20288
6874	21874
11036	25984
5893	20893
9348	24348
11705	25928
2504	17504
3262	18262
5517	20517
5727	20727
9575	24575
5084	20084
13573	25985
14503	27803
7240	22240
14435	27641
12395	28267
14598	27793
2229	17229
2094	17094
13451	26237
3189	18189
9673	24673
10892	29835
10873	27389
11513	28251
94	15094
14762	25755
5605	20605
477	15477
226	15226
2181	17181
14196	27018
2292	17292
13323	25910
5753	20753
2986	17986
10315	25315
9126	24126
8302	23302
11969	27241
12500	26901
6871	21871
8406	23406
9872	24872
9048	24048
12640	27495
9447	24447
1265	16265
12221	28545
473	15473
2394	17394
9503	24503
2882	17882
11207	28588
9916	24916
7783	22783
1398	16398
13098	27573
6748	21748
2534	17534
13275	25562
14544	27284
2699	17699
7318	22318
4687	19687
1663	16663
10911	26187
3565	18565
6960	21960
2470	17470
6739	21739
7361	22361
1772	16772
8886	23886
5775	20775
9561	24561
9234	24234
8050	23050
14677	27878
12793	28987
9255	24255
10232	25232
830	15830
2576	17576
6555	21555
4017	19017
6938	21938
12794	28672
8583	23583
3980	18980
13939	28885
5659	20659
11775	26284
4624	19624
2580	17580
7506	22506
11693	29537
319	15319
5876	20876
752	15752
7097	22097
3550	18550
14552	28064
5671	20671
707	15707
11097	28567
2039	17039
4034	19034
1954	16954
1120	16120
8464	23464
8630	23630
11796	27107
11163	27525
11631	26328
5055	20055
9781	24781
402	15402
749	15749
13130	27330
591	15591
1570	16570
13460	26510
9398	24398
4204	19204
7789	22789
10442	25442
7966	22966
12922	27244
6267	21267
4221	19221
1646	16646
14917	26172
11016	27946
1017	16017
14588	27210
5208	20208
10229	25229
12673	26076
6039	21039
8181	23181
7250	22250
7033	22033
3688	18688
1471	16471
13541	28483
1734	16734
879	15879
10707	29349
8838	23838
4011	19011
4044	19044
14420	29317
6836	21836
9768	24768
7322	22322
9309	24309
8972	23972
13459	26546
2992	17992
10881	25765
5618	20618
13775	29800
12761	28980
10505	28621
994	15994
7351	22351
1660	16660
2103	17103
8358	23358
3883	18883
8497	23497
14668	28554
1860	16860
13821	26822
6096	21096
9343	24343
12642	26117
3086	18086
14221	29012
1479	16479
3471	18471
14725	28673
10486	25486
7664	22664
14219	27276
6133	21133
4721	19721
1890	16890
3213	18213
11971	26632
7381	22381
6908	21908
7117	22117
905	15905
1623	16623
7085	22085
5064	20064
4925	19925
1808	16808
13959	28304
11451	28303
4863	19863
11384	27590
14180	27208
7321	22321
11545	26292
1303	16303
7873	22873
12725	27667
6317	21317
11766	29179
12999	25586
796	15796
7363	22363
14853	27111
8540	23540
478	15478
7151	22151
2283	17283
7597	22597
5024	20024
13161	28276
481	15481
10269	25269
957	15957
12737	26859
7029	22029
391	15391
13099	27428
4159	19159
9381	24381
12710	29139
2302	17302
12055	26037
14519	26864
3191	18191
10859	27614
2897	17897
6631	21631
11897	25958
2975	17975
1339	16339
14094	28768
8535	23535
14828	27355
10364	25364
11062	29710
579	15579
4999	19999
8252	23252
7672	22672
10156	25156
8260	23260
7406	22406
6003	21003
6924	21924
10051	25051
9016	24016
12572	28548
7646	22646
10999	27349
4215	19215
8203	23203
4056	19056
12700	29718
10717	28821
13633	28250
9365	24365
10690	26655
14572	29807
3105	18105
11912	29517
11598	25931
12231	29463
3643	18643
12319	28468
10556	29564
9510	24510
7843	22843
12056	28407
9430	24430
7948	22948
8597	23597
568	15568
1031	16031
11043	25906
13049	27035
8845	23845
2951	17951
10659	26466
3539	18539
11978	27212
7595	22595
5086	20086
3240	18240
3552	18552
8253	23253
5016	20016
8954	23954
8769	23769
8734	23734
10317	25317
14343	25551
8075	23075
3290	18290
13769	29791
3805	18805
4757	19757
13652	27034
7258	22258
6339	21339
13041	27286
13675	29071
9278	24278
3094	18094
7175	22175
14280	25532
9782	24782
13469	28006
958	15958
4726	19726
3276	18276
9594	24594
917	15917
3374	18374
6453	21453
1141	16141
7667	22667
8612	23612
11764	27119
9532	24532
14512	29419
12707	27159
5808	20808
12236	25979
8971	23971
1618	16618
5746	20746
3528	18528
838	15838
8902	23902
14476	28897
4935	19935
13050	25695
978	15978
6745	21745
3710	18710
6650	21650
9469	24469
4945	19945
2441	17441
2513	17513
10933	26228
1369	16369
10663	25673
14726	27056
488	15488
1457	16457
5046	20046
8933	23933
9247	24247
4483	19483
14704	26332
3659	18659
5144	20144
13295	28274
8435	23435
12762	26022
13267	29243
10756	27368
3313	18313
8057	23057
4199	19199
11562	28207
10074	25074
7195	22195
11918	27571
12241	29536
9720	24720
14540	27578
2963	17963
314	15314
10459	25459
3106	18106
10935	28371
1049	16049
9035	24035
14375	28186
13503	29975
3768	18768
3472	18472
7084	22084
364	15364
12767	29036
12570	26456
13063	28330
9434	24434
13715	27648
10283	25283
2464	17464
11735	29337
12411	28316
8442	23442
1532	16532
10720	28992
11252	27762
12855	28856
11492	28887
2002	17002
7956	22956
2365	17365
1282	16282
14061	27707
7744	22744
2021	17021
8853	23853
5290	20290
13381	27186
2356	17356
6740	21740
10669	26748
10488	25488
13412	27618
8607	23607
3757	18757
1620	16620
13028	27638
3138	18138
7398	22398
4792	19792
11224	28964
971	15971
2150	17150
12158	28713
3214	18214
14798	28523
10712	29877
9241	24241
5506	20506
6672	21672
4736	19736
2907	17907
12014	27651
4810	19810
5661	20661
3007	18007
2899	17899
5191	20191
1898	16898
2910	17910
3208	18208
6463	21463
642	15642
11589	28668
10332	25332
12115	26426
7352	22352
5447	20447
6680	21680
1647	16647
1597	16597
2028	17028
8559	23559
14826	29184
11554	26437
6161	21161
7793	22793
11422	29190
14546	27737
12342	28591
9305	24305
13223	27466
14513	28603
6544	21544
9441	24441
7018	22018
2593	17593
14341	29105
5178	20178
1178	16178
13182	27795
1445	16445
9514	24514
555	15555
2254	17254
5709	20709
461	15461
11466	27910
4399	19399
12917	29662
12312	27045
2724	17724
9264	24264
4444	19444
6180	21180
13341	28345
6676	21676
1367	16367
3592	18592
2239	17239
2554	17554
7888	22888
5929	20929
14357	29967
7616	22616
9968	24968
10711	27840
4825	19825
1662	16662
9944	24944
10372	25372
7737	22737
927	15927
6904	21904
11497	29362
12730	28217
10952	29173
4182	19182
13386	29204
13036	27497
2859	17859
5829	20829
4093	19093
8427	23427
4222	19222
2446	17446
3256	18256
7643	22643
7853	22853
3837	18837
4459	19459
2890	17890
10929	27483
8827	23827
8231	23231
2005	17005
7320	22320
3271	18271
3964	18964
677	15677
8029	23029
14360	27870
8892	23892
1439	16439
1201	16201
9975	24975
3611	18611
13219	27955
14328	29532
4020	19020
468	15468
14673	25937
12084	27692
5025	20025
131	15131
12293	28069
8123	23123
3807	18807
13407	29088
2471	17471
1253	16253
14597	29052
12989	26695
6804	21804
2626	17626
280	15280
77	15077
1108	16108
12166	27047
3534	18534
11426	28257
12427	29322
7349	22349
3156	18156
6319	21319
12764	29365
9042	24042
2489	17489
7974	22974
3990	18990
7849	22849
13519	29516
8996	23996
5364	20364
4383	19383
13593	28259
9356	24356
5289	20289
126	15126
9830	24830
3557	18557
6642	21642
3192	18192
3300	18300
13578	29196
6286	21286
8393	23393
6528	21528
4166	19166
14714	26660
14202	29802
14703	27776
12919	29525
7482	22482
7125	22125
12340	27126
9749	24749
10671	29771
6066	21066
3676	18676
14181	29093
9222	24222
3649	18649
8200	23200
5761	20761
7983	22983
14752	25588
12944	29699
7105	22105
14655	27143
7658	22658
163	15163
5239	20239
7745	22745
2880	17880
5109	20109
4722	19722
1790	16790
1530	16530
11079	29863
14399	28150
1323	16323
3203	18203
8801	23801
6817	21817
7661	22661
4394	19394
9089	24089
1210	16210
3831	18831
14764	28915
12645	26084
5362	20362
10178	25178
10621	28558
13210	28493
8149	23149
6400	21400
1250	16250
637	15637
5124	20124
3755	18755
8894	23894
9970	24970
3011	18011
2930	17930
3984	18984
11576	26142
5253	20253
2296	17296
12460	27388
1158	16158
11348	28500
6468	21468
13025	28683
2660	17660
3477	18477
3997	18997
12780	28661
9562	24562
5841	20841
7779	22779
6249	21249
2328	17328
2476	17476
6210	21210
8016	23016
14257	26275
14873	29716
7878	22878
3819	18819
14634	28457
5959	20959
4610	19610
10096	25096
10775	27477
11679	29310
2434	17434
8456	23456
13729	26747
312	15312
1035	16035
3384	18384
10575	26623
7806	22806
6541	21541
13184	26609
4213	19213
12866	29057
5296	20296
13872	29266
4713	19713
3465	18465
5772	20772
6965	21965
1006	16006
14325	26313
12569	27697
12194	28734
14387	29811
9996	24996
14319	29417
9606	24606
13983	28461
5967	20967
1325	16325
5762	20762
11283	29966
8772	23772
8147	23147
14071	26027
4329	19329
7688	22688
84	15084
7846	22846
1728	16728
10111	25111
1122	16122
12550	29540
273	15273
6704	21704
753	15753
3760	18760
3520	18520
2764	17764
11961	27694
3828	18828
11736	29675
6497	21497
1831	16831
12765	25578
11316	28508
7851	22851
3730	18730
9759	24759
1792	16792
9030	24030
11855	26947
4589	19589
11511	27124
2330	17330
174	15174
372	15372
7895	22895
10084	25084
6796	21796
8997	23997
3044	18044
14565	28698
7008	22008
12046	26374
13311	26175
6845	21845
14139	27763
1598	16598
2884	17884
2707	17707
5202	20202
4797	19797
3627	18627
9672	24672
13682	25747
3279	18279
11588	29815
6753	21753
6021	21021
4250	19250
11179	27722
13316	25543
2509	17509
7429	22429
13446	28341
10850	26677
12532	28790
3694	18694
10860	29550
12623	28533
14836	27265
1274	16274
2433	17433
2219	17219
12672	28527
8885	23885
9237	24237
5345	20345
7227	22227
13946	27891
5845	20845
12303	25798
10409	25409
5042	20042
2170	17170
1176	16176
229	15229
6373	21373
1604	16604
7368	22368
2968	17968
8367	23367
13159	29441
896	15896
10697	28832
13410	28851
3349	18349
13343	27770
7135	22135
14248	26064
2157	17157
9630	24630
12171	28921
11449	28712
5231	20231
4395	19395
6220	21220
4789	19789
6361	21361
8547	23547
14767	29288
343	15343
10008	25008
8710	23710
7399	22399
9028	24028
8713	23713
10337	25337
10330	25330
12915	28237
10973	28667
839	15839
2279	17279
9692	24692
14213	25879
6391	21391
13752	26417
4310	19310
3434	18434
854	15854
12777	27624
11534	27505
9569	24569
9885	24885
2450	17450
12081	27409
1832	16832
8018	23018
445	15445
5594	20594
8712	23712
12795	25913
12736	29693
9922	24922
14337	26140
12926	29298
6799	21799
12270	26457
3119	18119
13218	27155
1109	16109
14100	25799
232	15232
5247	20247
4523	19523
13925	29171
6142	21142
5071	20071
6695	21695
45	15045
8545	23545
13189	26544
4750	19750
3639	18639
242	15242
10009	25009
7273	22273
11510	28187
2234	17234
1195	16195
4559	19559
376	15376
4061	19061
11236	28085
12503	29315
1710	16710
12589	28959
12619	28968
9382	24382
13215	25915
6568	21568
11052	27728
11301	28111
4259	19259
5877	20877
276	15276
14561	29261
3370	18370
11805	27469
1009	16009
7450	22450
12824	28037
4656	19656
13	15013
9790	24790
14404	26272
11884	26890
742	15742
5787	20787
1042	16042
9582	24582
6514	21514
271	15271
14982	28109
12353	25809
11690	27921
10477	25477
11241	29629
6007	21007
5806	20806
13270	26885
876	15876
6496	21496
9252	24252
4987	19987
7152	22152
11761	26582
282	15282
10560	26354
7043	22043
846	15846
8521	23521
12163	28578
12986	28046
3704	18704
13190	25602
10373	25373
12785	26412
13196	27510
8804	23804
9978	24978
5830	20830
9205	24205
12947	26757
13995	27736
1565	16565
2804	17804
10241	25241
140	15140
11801	29871
3963	18963
14281	29367
5932	20932
10360	25360
12479	29082
5673	20673
1011	16011
9286	24286
5823	20823
12109	29605
2524	17524
597	15597
12289	29758
2206	17206
1358	16358
1349	16349
8533	23533
11150	26592
6515	21515
9217	24217
8027	23027
8910	23910
467	15467
5283	20283
8259	23259
7665	22665
2585	17585
13257	28813
1748	16748
1462	16462
5305	20305
8306	23306
10862	28758
4229	19229
5606	20606
4884	19884
6306	21306
13107	27517
8780	23780
3100	18100
12447	29946
12555	25935
6123	21123
428	15428
1345	16345
2389	17389
12612	26614
10783	25850
3053	18053
4333	19333
13585	25946
14370	26893
12127	29496
6896	21896
681	15681
13207	27152
10726	29499
734	15734
11249	26925
5578	20578
6789	21789
11152	27635
8171	23171
5938	20938
2997	17997
5964	20964
9428	24428
14659	28370
12008	28595
2517	17517
11526	25592
6447	21447
11663	29938
6973	21973
11242	28788
13719	29579
529	15529
12684	28996
3779	18779
593	15593
5153	20153
10121	25121
14185	27433
1915	16915
12605	26127
10437	25437
13253	28844
12279	29314
8851	23851
14613	29990
9493	24493
14593	26388
2792	17792
9788	24788
1235	16235
9697	24697
13445	25556
10346	25346
5795	20795
13065	25651
4746	19746
6674	21674
7218	22218
7532	22532
3744	18744
1897	16897
11584	29437
12799	25980
922	15922
10418	25418
3171	18171
8206	23206
9269	24269
7313	22313
8450	23450
12428	28907
812	15812
1233	16233
1952	16952
7246	22246
2210	17210
13509	26519
2430	17430
10329	25329
5293	20293
5896	20896
3245	18245
13847	26512
6090	21090
9060	24060
12668	28375
13608	29238
6277	21277
1751	16751
4912	19912
9691	24691
5990	20990
5334	20334
12825	28770
9628	24628
13247	28617
3654	18654
4366	19366
12135	29211
4362	19362
2032	17032
7724	22724
10032	25032
4767	19767
8416	23416
12925	26955
7505	22505
847	15847
4224	19224
14518	29994
8064	23064
8452	23452
1488	16488
10781	25512
6392	21392
5316	20316
606	15606
4118	19118
9951	24951
1107	16107
51	15051
4096	19096
3064	18064
1388	16388
7144	22144
9259	24259
9572	24572
1348	16348
11091	29301
1877	16877
3500	18500
3407	18407
1586	16586
12690	25814
8188	23188
7244	22244
2445	17445
2312	17312
519	15519
6756	21756
13727	29047
13655	29127
7294	22294
2560	17560
13005	25951
3305	18305
11821	25919
12197	29916
11299	26771
13069	28763
6944	21944
11744	27792
783	15783
4807	19807
4126	19126
11580	27952
10179	25179
13629	27777
7441	22441
13947	26848
13518	29641
8592	23592
11425	27194
5441	20441
3151	18151
12191	28472
1642	16642
626	15626
4247	19247
4054	19054
12222	27123
4801	19801
12125	26965
11754	26636
4503	19503
3869	18869
11129	26385
9427	24427
11200	26979
11318	29617
3049	18049
4670	19670
2869	17869
12508	26171
13559	26801
4929	19929
11096	28497
3054	18054
1555	16555
13205	25844
2115	17115
12877	27226
7339	22339
453	15453
1143	16143
4959	19959
12512	28515
6461	21461
11514	29407
12337	28488
1573	16573
11771	27373
3137	18137
2416	17416
6018	21018
11738	29585
5613	20613
10061	25061
4323	19323
8552	23552
2647	17647
10226	25226
1622	16622
709	15709
14575	26286
13014	28798
7070	22070
2483	17483
14672	28733
11714	28041
3604	18604
11834	26877
11778	26714
13938	27060
218	15218
1967	16967
11587	29389
8550	23550
12787	29205
9683	24683
5818	20818
8268	23268
12841	29015
3177	18177
13537	29380
3530	18530
9725	24725
7159	22159
12467	26853
13326	26340
907	15907
244	15244
5369	20369
12352	29523
13293	29063
5090	20090
7817	22817
3675	18675
10537	26698
564	15564
9074	24074
12397	27986
2894	17894
5473	20473
9786	24786
2198	17198
1469	16469
902	15902
12782	25843
13930	26539
12040	27488
5141	20141
2089	17089
14681	28266
5085	20085
2063	17063
3361	18361
13522	25769
4022	19022
10210	25210
9752	24752
1812	16812
3366	18366
11330	26583
4297	19297
10323	25323
5527	20527
7203	22203
10874	29158
11730	29180
6448	21448
14614	26366
9553	24553
10143	25143
7668	22668
5102	20102
1335	16335
3906	18906
1350	16350
8488	23488
3850	18850
744	15744
9388	24388
3642	18642
10454	25454
13777	28455
12599	28495
11889	29221
9957	24957
412	15412
730	15730
8984	23984
13804	29792
3545	18545
12959	25538
9266	24266
9588	24588
1493	16493
5730	20730
12731	28031
11523	27219
2601	17601
8323	23323
6231	21231
1657	16657
11925	28018
6843	21843
3113	18113
5999	20999
96	15096
12779	28961
12636	28537
10018	25018
7425	22425
2584	17584
5716	20716
2488	17488
1633	16633
3161	18161
10606	25615
8	15008
2700	17700
7061	22061
14938	25820
14013	27185
5048	20048
4845	19845
14717	28066
2223	17223
4666	19666
13846	28415
4555	19555
9351	24351
1131	16131
6506	21506
12098	25768
4980	19980
12207	28312
11037	29421
9090	24090
578	15578
5645	20645
5821	20821
6117	21117
7976	22976
9128	24128
13299	25550
14977	28000
1711	16711
13745	29457
7933	22933
7121	22121
6243	21243
11430	29175
10468	25468
5858	20858
5981	20981
2610	17610
4763	19763
8418	23418
12416	28999
8704	23704
2337	17337
9823	24823
2037	17037
3911	18911
4777	19777
4892	19892
6806	21806
13231	29566
13549	28230
7413	22413
8413	23413
8038	23038
14247	29989
10641	28958
14537	25524
1615	16615
3931	18931
3337	18337
14427	26571
9548	24548
12562	28626
5307	20307
14536	27839
12676	27214
13586	29399
8870	23870
12805	26200
8164	23164
13131	27434
2514	17514
5476	20476
11106	27414
13032	27032
2272	17272
1814	16814
13865	25752
8700	23700
4179	19179
5009	20009
14045	27950
613	15613
5439	20439
8508	23508
8800	23800
11363	29374
13795	25649
11388	27931
12004	29683
13250	29442
825	15825
5077	20077
10365	25365
13030	25778
14093	25767
12896	28837
1782	16782
12103	27580
13249	25630
14878	27976
6410	21410
11386	27625
11905	27019
6853	21853
6802	21802
13577	29455
14675	29312
3075	18075
12325	27161
11621	29390
11420	28444
12520	27175
10531	27844
3799	18799
8446	23446
14610	28962
1085	16085
14794	25601
1056	16056
13463	27378
10489	25489
14123	28794
1959	16959
11808	29066
5984	20984
3130	18130
7570	22570
7587	22587
4086	19086
9315	24315
9062	24062
14691	29674
6502	21502
10072	25072
7772	22772
10059	25059
2413	17413
11890	26906
6167	21167
1834	16834
1936	16936
2624	17624
14517	27443
4479	19479
11780	29334
4152	19152
3155	18155
4053	19053
12430	29469
3901	18901
11910	26206
1774	16774
2228	17228
4	15004
11949	27459
4280	19280
5560	20560
4303	19303
7286	22286
1939	16939
13561	29747
5624	20624
1793	16793
6134	21134
3014	18014
173	15173
9209	24209
6722	21722
2151	17151
12687	29738
745	15745
1104	16104
216	15216
12459	26935
8388	23388
6279	21279
3237	18237
12481	29794
9189	24189
3414	18414
10267	25267
13668	29098
13844	28701
2334	17334
3944	18944
5123	20123
10509	29950
8426	23426
10568	27871
11657	26208
2821	17821
2297	17297
2547	17547
6445	21445
2346	17346
4108	19108
10803	27830
4295	19295
7182	22182
6798	21798
1228	16228
3632	18632
7383	22383
7648	22648
4498	19498
1869	16869
3622	18622
7738	22738
8925	23925
8477	23477
9249	24249
4052	19052
2799	17799
5913	20913
1770	16770
13312	28387
14244	27555
1805	16805
13884	27866
30	15030
12448	25790
2635	17635
9158	24158
10004	25004
3295	18295
1140	16140
4185	19185
4710	19710
2217	17217
11402	28564
1446	16446
6548	21548
4816	19816
289	15289
13495	29590
8751	23751
10395	25395
5971	20971
4151	19151
5309	20309
2108	17108
790	15790
12476	29565
13611	29515
14695	29078
6348	21348
13656	27981
11021	26559
5240	20240
6298	21298
12910	26628
7689	22689
5857	20857
4055	19055
8411	23411
8083	23083
10615	27320
13962	26529
7731	22731
13974	29591
224	15224
13097	29626
5732	20732
10595	29556
1146	16146
4601	19601
11684	29122
2751	17751
9727	24727
9349	24349
10195	25195
14678	29287
3511	18511
3107	18107
13798	28610
10678	28965
7271	22271
2993	17993
6422	21422
3482	18482
8985	23985
12962	29495
7741	22741
10600	27629
7757	22757
12551	27367
7978	22978
202	15202
7186	22186
7071	22071
284	15284
7676	22676
14781	27567
12635	27335
5545	20545
2207	17207
10959	27611
8856	23856
8640	23640
6635	21635
7775	22775
5748	20748
8663	23663
5040	20040
8168	23168
13004	25811
7649	22649
12657	25757
11382	27925
2564	17564
4974	19974
2213	17213
12528	27199
8232	23232
13618	26148
8833	23833
1685	16685
1991	16991
2744	17744
3324	18324
417	15417
1399	16399
4844	19844
12738	29129
5802	20802
11527	26985
4575	19575
9171	24171
3371	18371
3188	18188
2994	17994
2773	17773
7605	22605
6352	21352
1101	16101
10958	28642
881	15881
9534	24534
11503	28367
7773	22773
13864	29837
12654	29292
1501	16501
12409	27889
340	15340
13977	26046
9555	24555
7944	22944
13390	28597
4778	19778
10735	27397
14490	28808
14554	27358
13688	25539
4139	19139
13841	27008
12023	25720
14115	28839
10079	25079
13958	26945
11757	25925
11849	28120
3600	18600
2680	17680
8137	23137
2218	17218
6315	21315
3325	18325
3219	18219
4338	19338
10594	26144
6038	21038
8100	23100
5773	20773
12951	28960
12727	26139
10326	25326
4091	19091
1381	16381
8980	23980
4608	19608
1884	16884
4153	19153
12820	26854
8346	23346
14769	29342
11641	27543
2082	17082
2155	17155
12444	27094
14051	25696
10356	25356
10658	26948
8616	23616
5793	20793
5425	20425
4544	19544
2607	17607
674	15674
9771	24771
3084	18084
6570	21570
9956	24956
2067	17067
6310	21310
1969	16969
2270	17270
13817	27732
207	15207
5518	20518
12140	28528
1645	16645
2579	17579
7839	22839
8212	23212
14287	28878
4174	19174
13785	29765
13589	26737
9424	24424
14997	28516
13062	26294
2421	17421
2392	17392
9369	24369
3934	18934
8495	23495
14048	27527
10472	25472
11190	25833
1410	16410
10692	27835
6792	21792
810	15810
4450	19450
9033	24033
13333	29689
14661	29978
9912	24912
12828	29114
9130	24130
1824	16824
1434	16434
12810	25877
7872	22872
5325	20325
13692	28392
7927	22927
8182	23182
8404	23404
5580	20580
13105	26029
4165	19165
13382	26908
14664	28350
1309	16309
8666	23666
7355	22355
12414	27369
14835	25888
787	15787
3369	18369
14031	29458
8570	23570
5860	20860
7844	22844
11177	25949
14258	28404
12971	25546
10971	27581
8062	23062
1677	16677
9696	24696
1608	16608
13765	26392
2519	17519
11539	26754
3525	18525
7075	22075
8558	23558
5632	20632
12830	26442
6795	21795
1836	16836
11288	29330
4607	19607
12726	29244
8784	23784
3065	18065
6176	21176
8003	23003
11054	26414
13484	27951
3852	18852
14926	29464
3103	18103
8185	23185
7143	22143
2163	17163
7636	22636
281	15281
1755	16755
12142	25770
9943	24943
5854	20854
9122	24122
10392	25392
9426	24426
3043	18043
12556	27780
14947	26812
2318	17318
6341	21341
4855	19855
13302	26596
8084	23084
7743	22743
13799	27239
11968	27372
3558	18558
8066	23066
13515	29664
4410	19410
8432	23432
14534	29729
1994	16994
950	15950
10886	27151
3859	18859
6157	21157
6198	21198
1624	16624
1628	16628
3258	18258
10758	25977
1973	16973
10266	25266
12088	26631
6175	21175
1175	16175
12357	28708
7065	22065
8765	23765
6334	21334
8201	23201
11276	29213
5299	20299
4917	19917
4358	19358
1922	16922
4409	19409
6760	21760
10159	25159
3640	18640
7647	22647
10662	27826
12670	28173
6963	21963
2936	17936
6964	21964
11704	26305
9179	24179
5001	20001
11040	26496
11551	25860
2619	17619
1561	16561
5617	20617
6206	21206
14381	28381
9868	24868
12521	26071
10408	25408
1466	16466
7662	22662
227	15227
10098	25098
1389	16389
10426	25426
13197	27144
7056	22056
14983	29176
6726	21726
14515	27653
9107	24107
5792	20792
10883	25710
13252	27660
13967	27815
10776	28322
11444	27537
1843	16843
10868	29119
5872	20872
4348	19348
11794	26987
7651	22651
8695	23695
10713	27711
7127	22127
9834	24834
6981	21981
2215	17215
11399	25988
2075	17075
10980	27458
12840	28565
10743	29473
11073	27296
6203	21203
9825	24825
10737	27772
10019	25019
5651	20651
9106	24106
3318	18318
6273	21273
3823	18823
5260	20260
14022	29265
2695	17695
12392	26679
3148	18148
9143	24143
7288	22288
1982	16982
13683	26138
7716	22716
2991	17991
12749	27850
12818	28990
2592	17592
1993	16993
4664	19664
10725	27051
13187	29707
3464	18464
7959	22959
928	15928
8142	23142
11491	25776
409	15409
12341	26093
9812	24812
7940	22940
14232	28598
3196	18196
2881	17881
2400	17400
5193	20193
9967	24967
2620	17620
9887	24887
4984	19984
840	15840
5017	20017
14218	25566
5933	20933
9701	24701
4269	19269
12396	26972
1976	16976
13177	26879
12454	25580
8633	23633
13776	29759
5831	20831
2849	17849
12680	29927
5374	20374
4015	19015
5865	20865
10460	25460
6801	21801
9657	24657
12439	26989
485	15485
9105	24105
2112	17112
2371	17371
3709	18709
12720	27442
9587	24587
500	15500
2540	17540
6182	21182
9913	24913
2482	17482
5304	20304
3338	18338
2892	17892
11432	29820
13786	26122
5011	20011
6009	21009
14551	26454
8889	23889
2043	17043
9840	24840
13636	25873
6446	21446
1134	16134
10302	25302
5689	20689
9063	24063
8053	23053
10221	25221
7031	22031
2840	17840
192	15192
4878	19878
13243	29954
8070	23070
4460	19460
89	15089
6330	21330
14021	25623
11983	27122
925	15925
11716	28901
2148	17148
8921	23921
5504	20504
9213	24213
4981	19981
14032	25916
9616	24616
386	15386
5930	20930
3037	18037
14555	29141
11538	29506
3777	18777
74	15074
7060	22060
5800	20800
456	15456
12108	25849
7094	22094
3714	18714
12876	26483
12314	26448
13531	28920
1708	16708
13104	28848
702	15702
5692	20692
259	15259
10016	25016
6406	21406
11280	26193
9652	24652
8517	23517
3101	18101
14229	28100
7262	22262
369	15369
11376	26555
4708	19708
16	15016
7419	22419
10066	25066
5492	20492
3253	18253
13103	27134
13793	28348
4133	19133
11768	25700
13994	26188
1675	16675
14271	28167
12019	28952
13836	26336
736	15736
11075	27314
11512	28948
13980	25898
10574	26604
987	15987
13455	28351
6683	21683
1015	16015
5474	20474
1783	16783
6615	21615
12652	27082
4743	19743
7100	22100
6592	21592
13245	28737
2791	17791
11397	29372
8599	23599
11533	26969
4439	19439
10665	27167
1373	16373
7547	22547
9210	24210
6284	21284
10358	25358
12629	26733
3962	18962
6811	21811
1923	16923
14440	26689
8840	23840
11828	26400
7864	22864
14743	26855
5	15005
5358	20358
2977	17977
3650	18650
13108	28910
6899	21899
1298	16298
2167	17167
10589	26082
10203	25203
4335	19335
6567	21567
14709	26111
12433	25675
10172	25172
7870	22870
13298	28752
14407	25625
13452	26318
5035	20035
8093	23093
12703	27498
4273	19273
10036	25036
13596	25745
8702	23702
10555	28213
2532	17532
194	15194
4667	19667
7473	22473
9660	24660
9230	24230
6470	21470
8835	23835
2494	17494
12252	26364
1257	16257
11345	25568
10355	25355
3508	18508
14295	28596
7857	22857
5020	20020
1886	16886
12086	25859
2129	17129
10196	25196
1353	16353
5602	20602
3928	18928
768	15768
8826	23826
1607	16607
3180	18180
10	15010
13465	26498
10433	25433
12266	28475
13371	26398
19	15019
8292	23292
8739	23739
5867	20867
10353	25353
13320	27101
3269	18269
1784	16784
4158	19158
87	15087
1485	16485
486	15486
4486	19486
7752	22752
5715	20715
2309	17309
240	15240
10554	28279
3816	18816
14216	27412
3340	18340
8918	23918
14754	26863
13697	26118
9199	24199
2399	17399
2090	17090
7834	22834
12631	29403
1275	16275
4131	19131
6686	21686
2403	17403
10213	25213
5169	20169
141	15141
7239	22239
14141	29845
4408	19408
9301	24301
1307	16307
9877	24877
1211	16211
3950	18950
6217	21217
3057	18057
1649	16649
5652	20652
8368	23368
12092	25564
5822	20822
1744	16744
1652	16652
7404	22404
8251	23251
1766	16766
12992	29666
7086	22086
8546	23546
9520	24520
1815	16815
13837	28690
11143	29290
4024	19024
8115	23115
437	15437
4513	19513
1974	16974
13152	27480
2093	17093
8572	23572
4214	19214
2793	17793
9820	24820
14623	29643
4814	19814
5942	20942
7184	22184
9979	24979
2733	17733
8937	23937
10759	26338
11755	25515
1613	16613
4692	19692
5977	20977
5677	20677
4090	19090
3041	18041
12335	26016
14300	29850
11998	26905
5581	20581
3870	18870
10794	27879
4436	19436
3052	18052
13898	29296
11563	29645
6834	21834
9482	24482
9866	24866
9566	24566
3158	18158
6060	21060
13717	26039
7327	22327
2698	17698
9429	24429
6184	21184
10871	26174
3670	18670
8571	23571
5160	20160
1277	16277
4438	19438
2466	17466
3145	18145
12941	25775
5704	20704
315	15315
8098	23098
5380	20380
8363	23363
449	15449
9601	24601
1395	16395
4957	19957
9966	24966
7553	22553
7270	22270
9262	24262
14342	29007
3702	18702
11338	25782
6743	21743
2639	17639
1516	16516
6957	21957
9533	24533
12390	27657
10471	25471
5546	20546
9406	24406
7248	22248
1400	16400
3198	18198
11913	26458
10706	28385
1289	16289
12714	28263
4396	19396
8360	23360
3336	18336
11180	28871
8816	23816
6034	21034
9538	24538
10425	25425
7609	22609
5796	20796
12331	25817
11212	25853
9560	24560
13702	27446
12012	29074
6553	21553
3839	18839
7602	22602
9102	24102
13398	26661
5047	20047
13269	27687
14206	29959
1154	16154
1503	16503
9845	24845
13866	29080
13129	29083
3124	18124
3673	18673
5446	20446
12927	25530
14858	27616
8947	23947
14007	29497
4521	19521
11756	27888
9800	24800
12752	27312
10250	25250
10264	25264
13290	27072
9585	24585
4002	19002
5229	20229
13910	26102
12683	25692
7300	22300
2485	17485
7356	22356
14135	27586
5130	20130
6755	21755
10319	25319
7638	22638
5386	20386
10082	25082
2586	17586
12646	26389
4442	19442
10205	25205
4392	19392
13244	29839
11692	28465
11745	29943
8237	23237
8671	23671
1418	16418
9906	24906
14162	27893
12558	29345
9542	24542
14491	29581
14116	27907
7261	22261
6137	21137
12717	29130
10287	25287
12963	28801
11609	26009
962	15962
11852	25802
3844	18844
9935	24935
955	15955
14172	27398
14006	26842
14083	28203
5604	20604
7904	22904
5989	20989
8337	23337
6069	21069
2301	17301
2051	17051
3727	18727
14689	25815
6120	21120
10270	25270
7202	22202
2240	17240
5892	20892
10875	29092
5660	20660
11226	26499
9792	24792
9707	24707
9997	24997
11675	28619
6185	21185
2068	17068
12404	29922
2563	17563
13080	26189
1385	16385
2782	17782
1670	16670
5045	20045
12010	26995
7580	22580
14560	26077
11570	29603
8890	23890
9462	24462
344	15344
13507	28814
14514	28297
13450	28727
6788	21788
2806	17806
1424	16424
628	15628
9524	24524
9929	24929
9586	24586
9909	24909
6678	21678
527	15527
8241	23241
398	15398
1664	16664
5398	20398
9116	24116
1430	16430
3572	18572
7755	22755
13720	27794
9595	24595
8489	23489
1679	16679
6100	21100
10913	29003
1284	16284
11777	26036
12953	29024
12848	27528
4107	19107
5663	20663
9876	24876
7637	22637
4972	19972
8608	23608
1966	16966
7719	22719
7807	22807
10187	25187
332	15332
11973	29361
6316	21316
1986	16986
9661	24661
2673	17673
4691	19691
2658	17658
28	15028
3711	18711
5540	20540
9379	24379
13414	25507
2578	17578
737	15737
13781	26725
8125	23125
2493	17493
455	15455
5151	20151
8873	23873
7900	22900
1630	16630
9468	24468
7892	22892
4842	19842
9731	24731
10541	29635
10609	29305
6880	21880
8526	23526
4730	19730
2852	17852
11417	25684
181	15181
8378	23378
9753	24753
5154	20154
8331	23331
3745	18745
8246	23246
728	15728
10305	25305
7905	22905
11640	27831
329	15329
1842	16842
4315	19315
8680	23680
4924	19924
1518	16518
2448	17448
639	15639
10407	25407
10415	25415
5061	20061
4244	19244
1868	16868
11029	29002
1862	16862
291	15291
7	15007
10092	25092
9637	24637
5755	20755
2208	17208
6266	21266
9072	24072
7810	22810
6768	21768
2996	17996
7520	22520
9816	24816
6101	21101
3750	18750
212	15212
12347	27595
4404	19404
13624	29770
13051	28247
3606	18606
5641	20641
8505	23505
2771	17771
14949	29118
4455	19455
3322	18322
12582	25535
7277	22277
11039	27602
2559	17559
10947	29948
10710	28809
4606	19606
2976	17976
12264	29414
7362	22362
9376	24376
3812	18812
5667	20667
10469	25469
7628	22628
5946	20946
3098	18098
8792	23792
1150	16150
14589	29563
14506	27744
4733	19733
13950	26794
10566	28859
9539	24539
5511	20511
8709	23709
6020	21020
6076	21076
2904	17904
2295	17295
12253	29113
9589	24589
10379	25379
8674	23674
11666	27341
9959	24959
3016	18016
183	15183
7119	22119
7488	22488
10128	25128
8976	23976
404	15404
11486	27754
10647	29377
6905	21905
13322	26283
11138	29055
3242	18242
5207	20207
4716	19716
5782	20782
11977	26326
11935	29827
6121	21121
14652	27233
12196	29670
10807	29521
3540	18540
6912	21912
7764	22764
1187	16187
3610	18610
9478	24478
14353	28900
279	15279
3216	18216
6089	21089
12130	26154
4359	19359
13167	27379
2015	17015
6815	21815
11845	27447
4829	19829
7677	22677
6821	21821
7923	22923
2879	17879
6233	21233
6531	21531
2358	17358
12388	25735
3373	18373
3206	18206
14530	29524
14183	28566
10845	27533
7479	22479
237	15237
8888	23888
2109	17109
4658	19658
8022	23022
7340	22340
775	15775
6879	21879
4625	19625
10570	27269
556	15556
759	15759
8661	23661
6456	21456
13308	29395
11401	26333
11343	27027
230	15230
10939	28574
11136	25725
12389	29555
1971	16971
12530	29527
12484	27550
5405	20405
5326	20326
3110	18110
6186	21186
13122	26234
5916	20916
3297	18297
7673	22673
3918	18918
2166	17166
426	15426
6706	21706
13917	28891
11629	28608
4138	19138
7350	22350
11694	27376
6619	21619
14856	27598
4116	19116
11481	29303
10186	25186
10642	29186
2130	17130
7886	22886
14106	28233
12633	25943
198	15198
7452	22452
11441	29957
14292	26209
13447	28577
13568	29069
12278	27095
2562	17562
4719	19719
7703	22703
11703	29406
9289	24289
11398	29482
1689	16689
10394	25394
13441	28206
9088	24088
405	15405
617	15617
14163	29009
5870	20870
9009	24009
941	15941
11484	28061
2436	17436
9511	24511
7499	22499
14225	26341
4941	19941
14674	29676
7770	22770
10983	26961
2379	17379
857	15857
7392	22392
4623	19623
14524	26247
6551	21551
12644	25784
8080	23080
9860	24860
10587	28532
10640	25966
10856	26887
13501	25560
13437	28418
7599	22599
12418	26168
12295	28110
14825	26445
12269	28888
4978	19978
1599	16599
4627	19627
6250	21250
7107	22107
10561	26976
13754	26419
1650	16650
12333	25516
7298	22298
8880	23880
3581	18581
13282	27785
6036	21036
8556	23556
9190	24190
4751	19751
10176	25176
12432	25836
12775	27365
809	15809
9919	24919
7639	22639
14696	27190
3827	18827
1125	16125
13394	28337
5637	20637
14132	26295
6476	21476
8305	23305
6646	21646
696	15696
4212	19212
2872	17872
3136	18136
10277	25277
9932	24932
13617	28153
11501	29148
4457	19457
14633	26934
8401	23401
7928	22928
2329	17329
8613	23613
11926	29198
61	15061
1945	16945
268	15268
11966	28145
12299	25786
4880	19880
11151	26026
6062	21062
217	15217
5271	20271
5411	20411
5838	20838
9288	24288
12712	26721
3655	18655
7260	22260
5551	20551
