27081	33167
22626	34688
26917	33807
24683	39589
28316	33527
23834	36928
26914	32743
23157	38364
28649	35581
24835	34427
24436	31968
21826	35733
26136	32211
26198	34473
27338	39549
26541	34792
29918	35738
22177	38246
25978	34996
24829	34167
28568	38069
24796	36554
29235	32651
21537	35647
28952	37196
26262	38400
29161	33376
23988	33226
21990	39343
23305	35577
22563	36693
22093	32573
22955	38339
25210	30266
21365	33522
27184	36724
25461	31789
28227	33835
24646	38880
24632	32091
27516	34954
25218	38073
21126	39038
22100	35231
28981	32409
29847	38751
23859	30541
23700	35110
24452	36135
23286	35867
26448	34904
28059	32929
24813	36295
25787	30936
25228	33054
27328	34669
28591	36402
27050	32104
25786	36384
29395	34051
29339	32361
27953	37423
27438	33942
23209	33137
21696	38540
22837	31509
25011	37831
27644	37300
29492	39531
25468	34651
24904	30849
23418	38718
21495	39282
29567	38813
24368	38794
29815	36498
27560	34539
27602	38687
21658	38418
24365	33320
28096	36218
28320	38830
23074	32527
21530	37543
24712	36855
21916	32215
22855	38250
28854	37892
25923	38879
29670	39415
28355	36164
29755	39271
22166	30530
28191	30684
24038	36687
27904	37390
28542	31553
27897	35664
23763	32056
29376	38099
21981	37159
26511	33301
24228	31549
23975	36920
24176	31253
27021	38127
26082	36715
29048	30557
29745	33177
26206	30202
24288	36381
25356	34206
24982	32269
25049	33685
29919	37030
25554	38534
22901	33480
28148	33269
25289	32065
23548	34462
21767	31392
27172	32148
24033	34986
22396	39062
24181	36374
28131	38946
23994	35856
23587	38039
29203	30834
21431	36226
25446	38864
21730	30265
25874	38655
27094	35395
22797	34983
24360	31208
28460	35067
26358	33015
25234	31918
25230	33692
25719	36163
24429	34226
24089	32775
24355	35377
28652	36408
28533	34264
21021	39015
27301	38033
23122	31091
27135	33744
29936	36211
25219	39554
25635	35213
28576	34259
23852	37648
22108	36143
26934	32916
29017	32660
22944	30414
24802	33076
29468	34809
27004	36094
25440	35007
22079	32469
24048	37518
28943	30792
29734	35443
29798	31680
27396	31561
27885	34708
24875	34834
23002	35223
29941	35065
27544	38924
24933	35028
24485	31873
25625	33813
25433	33886
29987	35066
28676	38606
27704	37312
26113	34268
25082	32451
23373	37241
28108	30391
27366	35847
23290	30225
26672	36524
26442	30732
26321	38808
25649	36464
25736	35433
25184	33180
28606	38768
26227	31289
25964	32615
29813	32706
22736	36065
23759	38149
29736	34160
25081	37593
24876	33853
24138	34103
26311	30997
24348	37003
26451	35533
21895	30236
27291	34520
23131	32163
23539	31221
23635	33077
23668	31471
29295	38350
22916	33195
26255	39607
27912	32125
29602	33218
21762	31686
26354	38544
26310	38196
23481	35765
29081	35429
24171	37688
28091	36922
25947	33566
26057	38090
24199	33497
27402	36958
28789	34345
21823	36031
23052	32149
21105	35298
27540	38141
27902	32791
28074	37371
26476	37591
28518	33412
21170	32993
22548	30653
27572	34770
24713	39252
24327	35123
23414	38669
21372	38711
25401	36564
27600	37142
28502	36793
27298	32738
25227	31712
22219	39378
26416	38333
27057	39093
27043	39603
29391	39358
23479	33359
27895	30707
27729	33088
25207	38189
27791	36173
27352	30699
26356	37616
29073	37557
21142	30583
23714	38591
26074	31242
28439	35290
21066	39573
22333	39487
26535	35807
21713	33270
29779	30531
25114	36431
26020	31137
26129	31370
28013	32405
21069	34869
28015	31401
24602	37681
23215	37006
26634	36437
28216	37425
22778	37449
21342	30966
26592	39579
27227	38321
23319	33579
30159	36960
25335	36615
26869	33304
28217	35070
21194	38440
26364	38402
21884	33654
26749	36889
27690	36579
29390	35570
29911	31697
23298	32092
26678	35746
24242	35649
23949	31237
24408	38249
23712	37594
27726	37129
25340	37074
26223	30633
28326	35243
21224	31646
23590	37491
22213	36156
21214	31651
28549	32245
27581	35038
22578	34632
22175	34114
28464	36239
27414	36444
28931	31005
27728	39119
26882	34098
21930	39578
29307	31059
22867	31431
29266	37314
25442	30710
26174	39067
29204	32561
27643	39280
29147	32662
26774	39014
27646	39384
29128	38343
23354	30343
25229	39187
23705	38289
24567	31465
29562	39031
28047	38814
23702	31721
21453	33715
24911	30959
21763	31050
26746	30288
22707	31864
27246	33111
29224	36578
26913	32820
24095	39526
25363	34143
26976	37592
25457	39372
27683	37777
21927	33509
29104	37471
27256	31977
23112	33705
30132	39276
25467	33011
26810	37717
22065	38335
26257	32406
28627	35474
26224	30609
25570	34093
26133	39434
29538	33115
29860	35569
23645	38041
25414	35974
28478	35880
26582	36861
24490	30617
27712	36425
26669	35597
24067	32480
28763	36856
23735	36113
24425	31457
25587	33584
28186	38765
22480	34547
25530	33917
22192	31603
26916	30281
30040	31414
25827	32727
21050	35344
21786	33751
24714	36439
26365	37218
28242	38200
23962	32433
23260	37806
28347	33105
28008	36469
21616	32982
26350	37789
23426	35908
27822	37140
25192	36225
24009	38763
24766	39293
25671	35265
22384	34630
23397	30968
26246	31539
24965	39441
23488	34493
29701	33661
28889	39120
25257	35054
26736	34716
24674	39153
24573	39553
27865	34627
27672	37818
27863	36290
21014	35307
26881	34540
24323	33025
26799	37273
26295	38876
21377	38697
26182	30904
25059	34771
27511	36449
29503	38405
30149	30355
25332	38491
22900	31146
22221	33805
29999	38478
25492	31308
22896	32516
21806	33382
27745	37641
24411	30754
28262	35785
27680	35081
21845	33595
23741	32009
24137	36436
30034	32448
23804	35329
26238	32677
22155	30589
21455	34253
24788	32182
26025	35763
24405	36260
28454	39206
28777	33266
22087	39154
21768	31906
28971	37987
21143	34631
28837	37053
27360	33275
21114	38809
22547	31535
29805	30898
28226	32749
23431	36492
23698	35096
23525	32088
22826	37135
26298	36447
26738	32583
22317	38375
25016	35105
26253	38347
26605	30237
25033	38802
25605	34831
26180	34687
28333	38949
23509	34453
23891	32394
27283	39637
22364	37348
29648	34919
26043	33163
21426	38435
21716	32467
25875	31363
27123	36187
29469	33783
23743	39586
23191	37514
28969	34276
24660	38363
30060	36493
27911	33869
29934	33221
24928	30515
24968	39363
21123	38398
26783	33667
21228	37772
21837	38930
28704	38412
29251	32303
29090	33217
26460	35789
24790	30749
29655	39128
22055	31325
22201	37450
22502	30957
21703	32950
27295	39248
21874	35209
29921	34917
28232	39625
27279	30875
28922	39161
22678	30161
23057	30975
29747	36272
22010	33439
28138	36438
21419	35766
22277	37575
27743	37541
27292	32690
24846	30254
21465	37346
28413	38151
29719	31814
23752	33375
29082	38922
23992	33035
23639	35517
21849	37379
28996	32404
29644	37413
22575	31261
22860	33842
22585	33803
29789	31572
24520	39477
23016	32319
21398	36751
28521	37147
23704	30581
28404	33937
25757	32840
27940	37181
27407	36055
28009	32183
22721	39238
27315	38131
21279	32885
24878	36054
24114	33529
22972	32174
23517	30698
24324	37866
26790	33732
27388	32926
29577	36110
21000	38719
23055	37170
22852	33978
25325	31948
21506	35655
24254	36752
21392	30758
28207	35695
27636	35752
25382	38648
24806	34175
21095	36324
25428	32162
21387	37454
23892	33756
21540	36259
21312	34391
26648	35844
29080	30542
26694	39309
28027	38919
22887	38679
23848	38747
24082	32897
29572	31892
29293	34815
23039	32387
24885	34491
28583	37401
29568	34994
25413	35378
23219	39122
26901	30228
28014	38952
30089	33090
25354	36952
27146	39116
22594	33759
25374	39593
22102	32059
23595	31629
23749	30660
23643	34456
26717	33496
26577	38762
22159	34802
22947	37448
28339	39092
22474	39244
29129	33121
22714	31979
25982	33598
29445	32707
24258	33473
27254	33067
25202	30514
28955	33261
22971	34981
25532	31718
28419	34667
23544	33897
25802	36851
27942	37022
21429	39533
27579	30442
27341	30563
23768	36587
25411	31172
23494	35046
25958	33564
26384	37249
29527	33621
25796	33295
24028	38729
25644	37832
28426	32023
28687	35888
21965	34574
23065	37684
29300	34489
24090	33862
24153	31436
21644	37422
24949	39339
23483	32173
22132	39649
21807	38593
25819	32333
28857	32922
23883	38374
21306	38508
29546	39414
27697	39258
24583	37976
24715	31164
29092	36262
29950	33604
24718	30331
21496	33589
24392	36024
23324	36281
27469	37663
24000	34424
28750	35548
22254	33300
29778	35615
25664	31171
22918	30551
22430	30321
22028	33204
22623	39237
27224	38117
29896	31092
25277	36176
25111	32902
26887	37173
25963	35327
29738	30780
25730	36728
26800	36208
26188	34372
25956	39359
21757	34512
23478	39190
26505	34115
25331	33727
21048	35942
27624	30622
26880	37979
22209	31770
23185	36673
22603	39444
29269	39651
26107	33253
26472	33555
27422	39550
25463	36822
21949	31634
22077	35118
26804	38841
26210	31831
27539	39439
23061	31897
29373	36771
25022	36721
27595	34198
22425	34429
25103	35935
27223	39225
22197	33507
23601	30671
21068	39632
27312	33201
28677	39166
22691	31077
29604	35160
27866	31843
28490	33184
28662	37605
25156	39398
28681	33050
26556	34068
23729	31617
26033	30384
25048	32832
28278	33232
23690	30599
24589	38227
30128	33915
29178	35528
24974	37034
26413	34469
25575	30439
25045	32175
27840	30579
29342	30433
25329	31552
21299	31819
29115	36240
28730	38054
27769	31756
29271	30594
24706	36608
21598	30255
28433	38163
28732	31777
21409	31762
26645	33282
24146	33779
27274	35017
25093	33765
22012	38262
21232	34305
29615	32952
26514	31902
23526	31071
27533	34965
23152	32711
24537	38707
23388	36850
29137	39511
21393	33397
25367	38519
25559	30363
25936	36786
22157	32867
24165	36153
28735	37176
25774	30935
21683	31297
24624	30569
29914	32524
23198	34829
27770	37056
24391	32704
25359	30191
25315	37774
21984	34455
24076	30169
24282	34138
25677	37355
30029	32070
27952	34796
29897	37092
27287	39350
22941	30577
26644	37031
27772	33644
28499	30897
26533	35608
26785	32052
24592	37670
28890	35716
24953	31511
22149	38502
27764	30284
21925	32222
27753	32722
21011	39608
24984	35373
21370	37190
27550	30272
29680	35644
28188	33057
21980	31466
25281	38974
26008	35699
27205	32350
22276	31144
28429	36981
27542	30643
25999	36594
24777	39082
21366	38340
23186	34236
28269	35146
26111	33040
29878	30870
29870	31994
30061	34500
21189	38001
28853	35930
23085	32533
24740	32846
28489	38461
24642	38336
23029	30697
28332	38956
21906	31577
25772	38705
25576	37875
28958	32181
24684	37874
26383	30753
21157	32296
23369	38525
25925	35680
26638	36772
21059	33396
21627	31064
28651	34095
23736	31104
29208	37576
27322	32734
21469	36002
24997	32486
23730	36191
24745	35251
22435	33488
24516	35002
29226	32379
21171	30830
29106	36432
24359	30796
28696	31645
26557	35044
27849	33875
22627	39431
26409	37753
27509	32712
22471	37437
23977	31952
25900	34588
22706	32034
25940	38986
28185	37018
21848	36181
25345	32811
23623	38906
23392	39606
27671	38588
28312	38979
26154	32279
26091	39617
25256	31507
24059	36278
21319	39148
23117	33464
26754	34757
27730	35312
23693	30694
29364	34189
24769	34622
23750	32545
23688	36199
21548	37465
29904	34930
26894	32671
27025	33904
22138	34698
23253	34835
25577	37972
23831	32430
27858	39375
25360	35607
25291	37414
29123	38706
21083	33538
24656	38138
23034	34678
27323	36980
29599	39084
23038	36607
27580	37949
29540	38228
28808	33873
29792	32746
28973	37562
24804	32358
28915	35087
26566	30802
26700	31286
27413	32290
24507	39650
26279	36044
29466	36368
22182	38698
28519	34265
26012	31287
24711	39467
22861	34765
21810	30899
29709	35430
25231	37736
28695	35863
29531	32718
27773	33020
24545	39482
23612	37388
23011	33097
27608	37724
27229	36794
26438	36459
23104	35534
28449	30393
28841	31207
26250	33175
29025	38920
21448	34213
21433	38801
29334	33476
24820	31343
30016	35434
29409	33955
24763	39382
25346	31113
24201	34246
21717	37400
25015	37865
25509	39306
21738	33150
24729	36779
29259	30808
22411	36573
22907	39653
25489	35074
30105	38564
29552	36270
28050	36511
29242	30962
28997	31961
21286	33812
21397	37669
22868	31290
25026	32359
26361	35710
26110	37821
28284	34094
25872	32083
28664	37928
28491	39301
23545	36976
21948	33837
23802	38354
26482	37647
22322	35511
27013	36070
28273	31625
26629	31803
28804	34929
26684	33206
24990	30290
26254	35814
27069	35723
21594	31279
27340	38942
29818	34381
23772	31227
24978	39211
23091	37951
21223	39361
22293	35953
24350	37250
22082	34472
25771	38800
30035	32012
24591	32574
29052	39507
24297	38806
23022	32604
23033	36213
27070	37370
23801	36760
25306	30170
22569	34885
26855	34788
25768	31417
21871	31154
28305	35519
22802	36531
28737	31096
22814	34740
25264	36328
27428	31687
23737	36533
22352	33490
22812	37262
22298	35473
29267	31723
28792	30549
29916	37098
26727	34894
24521	36695
27141	35840
21859	33626
26145	38811
26953	36787
22272	32265
25271	38329
25248	30582
24961	35280
21327	30934
28408	32189
27701	38590
24996	39006
29803	35599
26995	30178
30070	32477
23430	38992
26152	31231
27133	33100
21853	30602
28618	38530
25258	38394
22927	31951
30150	38323
25800	38385
22658	39646
28141	38505
29386	36077
25654	35279
28385	36227
22033	34388
25448	39538
25466	36255
22465	37719
22967	37651
21362	30303
27939	37838
30011	39630
22303	36012
26870	32123
22279	34398
24357	37231
25453	38674
22466	38157
29751	36293
25279	38184
21541	31293
22346	31488
25255	31891
27691	33268
26568	33821
21647	35423
26498	35623
27553	35659
29611	37700
27132	33029
28495	35197
27970	36747
27660	32582
29510	33342
24106	33260
25805	35745
27938	38236
23902	35466
29471	36194
27604	37410
28501	35754
29231	33233
23938	34720
24971	30174
23600	38460
29513	39149
27374	38237
29140	34270
24404	33263
22835	32837
27761	30750
24483	33941
21796	37226
22455	35650
27996	36613
26696	37625
27294	36576
24833	31701
27891	35842
25449	30841
25153	33681
27679	34000
26031	36174
22423	38696
29866	30804
27963	38477
28861	36867
21039	39566
26819	32274
25086	37559
28192	38670
24426	35811
26922	38005
21852	31727
26540	33514
22371	37293
22519	38152
22014	35158
24470	36016
21841	38709
28887	37198
25870	34774
26853	34156
27856	36028
21865	37520
28024	36873
22662	31449
25007	32016
21380	36202
24722	36144
24950	35435
21815	33678
22438	34286
25788	38322
23933	38583
28178	32500
28383	31522
24377	32633
29374	36831
28836	33319
24565	31797
27960	30608
29440	39488
29944	33949
28223	32777
27210	35241
26685	37322
29855	30719
27476	36265
27951	30631
25396	33098
23836	32403
28925	34992
26529	38070
24480	36750
23107	30885
21890	36097
23720	32030
23044	37227
29041	38736
28880	38280
21436	30746
21051	32165
21674	33417
21802	34260
26816	33186
28064	32017
28174	32184
25459	34139
24527	30388
21043	37245
27106	33328
26155	36319
29354	38744
28688	37260
22412	34019
22191	34970
26496	31689
30155	34582
28441	33080
27225	38215
29617	38453
21231	35884
25573	34844
27658	35384
26244	30222
23996	37347
26927	30253
22058	32536
28442	34148
22674	30420
26830	31537
23716	32335
29243	39130
27667	34249
22815	38021
25825	35170
22655	33639
26266	34842
26373	32833
25451	30200
26909	36172
23060	33447
27238	30722
27510	35424
25780	32886
22492	37742
22917	39176
24416	33388
22875	32143
24749	33131
27591	36069
28993	30383
21208	34155
23546	39061
28678	36932
27555	38002
27462	31405
23586	35981
23597	33833
21688	32302
21971	31540
29737	36593
25342	34920
26261	36326
27623	33024
24464	38266
24477	34467
27809	35635
26400	37097
29284	36690
27851	38024
23941	37933
22839	38839
26841	37278
23056	35872
29722	31388
27420	38153
21378	33092
29753	33929
24329	31256
24166	35107
28608	34310
22979	32362
23549	34991
23821	34430
24246	30328
28260	34546
24161	37921
24317	37544
29349	36838
29603	34825
22729	34136
21414	34499
24385	34060
27273	39315
23124	33380
21013	38907
28742	37436
21885	30865
25737	32372
28012	33902
28247	34973
22904	37440
28470	31429
23826	30553
29931	30554
25480	30379
24824	37855
24593	39489
24186	38963
22262	35362
28711	34600
21955	35793
26052	32511
26068	33832
23453	39184
25456	38668
27408	32226
25588	37247
21278	38459
27609	37706
29839	32112
21838	36950
25503	37475
29026	36426
27269	38520
29834	35486
24784	36330
29781	33924
24069	37084
23242	32675
27237	35531
29012	32494
21130	30662
29214	35543
28885	38599
29817	33894
27437	38836
26616	37858
21614	34018
25904	31019
26055	31109
22472	37639
23144	32560
26534	38772
25551	31530
24232	37517
23476	36009
27715	39362
25191	33780
28713	37130
21245	38927
28597	37879
22265	33683
25807	33164
25460	32567
22634	37699
30002	38723
27090	37426
24628	38217
29247	32281
24905	35558
25447	38056
21138	34392
27692	33309
22103	31450
22144	34197
23775	38708
28504	36847
23451	33706
22410	34867
26750	38785
21878	37908
29895	32667
30044	35288
23201	37259
21118	36657
24669	31711
22495	36742
30117	36419
26153	36810
23433	35029
23997	32947
27814	38274
23805	34078
27199	32506
24803	39364
28928	39468
25706	37751
26760	36902
26778	37882
21875	38940
23862	37701
22002	38955
21089	35125
22866	38018
27002	37786
23080	32906
26320	33719
24900	39214
25633	37854
29031	31099
24486	35775
26915	34599
25032	33208
29246	33597
26018	31374
29205	37893
25725	31211
25454	39073
27710	31097
21526	33405
29417	32877
28448	35877
22898	32113
22554	38758
23980	36882
21096	32941
30009	35972
21624	39551
29188	32422
29953	37767
24975	35835
28689	34769
29013	39262
22543	34999
28486	37515
29042	33898
28624	37192
26910	33619
27404	35402
29286	37007
26854	31986
29479	33116
28264	33156
25975	36516
21373	33811
24397	36282
29240	38048
22391	34514
25624	36315
29319	34494
30038	31838
23355	30171
26993	38442
28888	34111
27597	35777
27000	34516
22161	31874
21889	36992
25495	36854
23788	30740
23005	35258
21498	35446
29961	35713
22069	36605
24091	34324
21599	32531
30133	33797
28162	35063
22349	30874
25443	30918
21976	36785
22413	35772
27453	34845
23218	31188
22722	39545
23316	36033
26589	38370
21538	35138
27461	32085
29874	39097
28412	38325
29118	31658
22325	35374
25313	34343
27707	30761
25616	32179
22711	34847
26090	30490
27442	35982
21497	39564
22973	30634
24173	36420
26214	36366
22938	38578
23225	30295
27547	31966
25194	36034
29596	33801
21892	33227
29677	30199
22118	30871
27263	31626
24279	33495
29229	33624
24136	36644
26228	38174
29387	36127
29257	38987
22821	36773
25729	39399
21379	34833
26822	35311
21070	39307
26836	34309
23482	39064
24832	32616
27426	30670
27257	30826
24636	38908
24318	38671
24399	31338
29310	32958
28572	34224
22329	31532
23928	31848
27575	34313
29260	35927
27722	39563
29654	34340
26484	37444
23329	34911
23146	36010
26856	32624
24630	32946
21384	31726
24020	36635
27136	36515
26349	37468
25471	35313
25104	35992
29363	37106
23936	36789
22432	38775
21250	31141
26873	31767
24897	31953
28452	38661
21820	31972
29867	38728
30062	34865
26646	36899
25376	33223
27239	38870
28115	36036
28667	38816
27833	32579
28434	38288
28421	36005
27378	36123
24970	36146
29618	37096
25791	37918
28816	35445
24808	32539
21388	33720
28036	31044
29099	39587
23858	35310
21136	30873
27805	34026
27928	38229
25529	34927
28406	35962
24690	35897
27386	31435
27219	38278
29127	36736
24281	35370
29344	36106
25402	38092
28165	33962
29097	35614
28493	37975
23019	39552
29708	34091
22345	39403
21290	33014
26719	32397
28254	36082
21321	36075
24728	31073
29460	33964
27452	31544
28049	39279
28475	31156
28393	31749
29581	36015
21423	36743
25600	33049
29565	33492
22786	33677
30051	31335
25585	35277
26203	32340
27504	36552
22190	30248
22416	36979
25937	39180
26998	39490
24160	31257
26322	32297
28066	39139
24049	30276
26742	36696
29066	33047
22359	37611
24296	32836
22954	36905
24586	38892
22106	35390
24157	37171
29312	36895
26461	33718
26786	37451
29845	36249
23898	35219
23362	35885
27786	33291
21787	37005
24809	36764
21575	39017
22148	32782
27915	33190
23226	38990
21174	36393
25614	34822
25214	37343
25034	38815
21603	35157
24262	30908
29162	32876
23338	32170
21361	37503
23607	35536
23442	32526
27688	37289
26752	30685
29645	33640
28554	38482
26921	38164
23487	33475
21629	33401
23358	34704
27286	37599
29917	37808
28244	35714
26539	34785
24057	30286
26918	30285
23266	30596
24052	37914
29726	30429
26069	39169
25686	37740
28011	37716
21037	36776
26176	37851
27165	36655
24866	35246
22862	38392
23721	34717
25938	34159
28145	36039
21522	30768
21019	37890
23229	30763
24120	30238
27444	34336
23162	32961
25058	33254
22459	35188
25436	38162
23533	38969
29908	32773
23013	31652
26574	33791
24184	35229
29061	31132
22117	32223
24172	34196
26441	36303
21240	33404
28675	35540
23921	31249
29165	31107
28820	30943
25885	39536
24302	35323
26396	36521
29389	36870
24622	38051
29743	33154
26567	34895
21905	31833
27222	34217
23960	32457
28726	36304
27008	31991
28882	37062
24243	35471
24882	37994
24141	30932
22202	39629
30065	32577
25196	34814
28346	36930
26060	36710
21977	30197
28083	36711
29612	30464
26330	38596
28693	34225
25850	36550
21434	36252
23554	37287
29757	31474
25403	34178
27262	31949
29653	35493
28607	34898
28073	35947
22497	36155
30088	36650
27336	37232
27204	31594
28304	39426
21271	37582
26862	37946
26179	37328
27782	31076
30010	37240
27678	30821
27475	32305
28940	36966
23662	34624
28103	35903
27584	37900
21835	35467
28966	31020
22963	32386
25854	30488
23739	31241
24859	36284
22223	39590
26109	36161
21080	30794
21791	30970
21959	34925
21819	33210
27391	37191
23778	32900
21186	35294
21255	38276
24113	39287
27478	31615
22717	37077
22577	37485
26595	36243
21345	35920
21088	38126
24022	34431
27126	33160
26200	34781
28099	39594
22392	38303
29717	39450
25355	38297
23073	34544
23404	36645
26071	38471
28112	34203
24278	32072
22986	38064
21400	31564
23015	32321
22066	31895
25444	36375
27479	34127
24241	38007
30075	36470
23077	31408
22596	38652
21827	30436
22437	30462
27055	32144
25741	39373
29605	38537
22005	34951
26504	31173
28517	33203
27311	32357
23288	35691
25678	33289
29119	30412
21113	30307
21481	38187
22564	30398
22890	34545
26558	33066
25008	39368
23291	34566
29282	32435
21207	34575
21753	34107
29624	35163
21728	30499
21993	33967
27909	37558
25902	35431
22470	34277
26911	39167
26299	33602
25020	33545
23318	30424
27063	39645
21571	32600
27157	34854
23159	33916
21947	31627
22653	34044
25498	38897
29352	30958
28022	31470
25851	38080
28935	33956
21830	39203
24544	35222
22007	31128
26815	30771
29484	36842
25474	38316
24440	33433
26296	31541
21490	32282
24902	30673
27606	37643
22386	31783
29790	35639
28377	38891
21566	32598
28703	31015
23647	36288
27619	35285
27871	37610
25475	38850
29933	32562
27875	30483
22212	33868
29179	36957
25533	36334
25265	35689
28978	35263
28508	34863
29549	33750
26817	32683
28053	37824
26525	30333
28070	30807
23584	34776
22498	37537
28623	31971
25336	35372
23513	34830
26359	34413
22574	38915
29835	37271
22464	37484
27243	31888
24441	30189
25221	31875
27655	38234
23577	38853
24805	38608
28774	34967
26612	34521
28350	32026
26578	35004
21641	32004
26598	32062
25974	32021
27493	35925
21737	35383
27180	39501
26743	32060
24027	32129
21588	32652
24217	30186
29502	39580
23498	38089
27585	38933
29474	32005
24372	35964
23217	32011
21404	33753
27576	32487
28797	32868
27874	35472
29470	34905
22418	38581
29067	38279
29329	32429
28710	39223
22539	36656
23576	38649
29966	32145
23083	34889
22583	37790
28949	37248
22984	32933
28068	30543
30023	35226
26975	34386
29578	33298
28875	33793
29102	31011
26209	37883
24263	31288
27557	34866
28924	34364
25391	32907
28645	31554
27092	39065
30131	30669
29439	31181
25177	38595
28852	34145
21617	33061
23447	38272
29060	30585
27988	34339
23599	38407
27432	37049
22328	37019
23070	34124
24014	32808
23819	37857
29252	37809
24496	33876
21185	35358
25955	36047
23119	38352
28548	34683
23733	30408
24149	36018
29356	37161
25030	30278
27749	35606
23748	36415
21934	32595
27105	30735
28778	39189
29633	30593
29521	37581
25469	38821
22899	34073
26547	32870
25501	38541
25558	37156
28277	30651
21788	36434
29694	38574
29494	38123
21686	34182
27640	34223
23400	36101
24473	31356
25668	39025
21825	33620
25687	35756
29697	31175
28788	35498
23564	36791
28092	33458
24598	36826
26602	39521
25642	32670
29994	31081
27012	36968
28933	33330
22700	33372
29046	31477
27496	35901
25672	37302
23516	32360
23861	38213
26158	35671
29711	31513
29164	33138
24140	36761
26756	31364
25621	35444
30094	35126
28592	30299
29811	37825
26084	34125
23160	34507
28071	37043
21773	31964
24908	38360
23378	38449
24390	35006
29524	32374
21459	34180
28321	33028
29234	37804
22618	34183
22040	37042
29906	37942
29232	32134
26697	30522
27048	37902
29273	32440
24895	30566
24935	38062
28894	33051
22225	37615
28714	34282
28505	32541
22661	35201
24767	33945
24484	36634
21923	34112
28386	37281
27527	39060
28482	35112
23120	32318
22957	36022
28525	32038
23236	38844
26897	37412
23863	36219
24449	31805
25470	32206
29678	33573
26165	33717
25856	37128
24396	34778
27919	36121
21772	34613
25645	30903
29626	37055
22537	30752
25652	35816
26050	30615
21044	32898
22793	35183
25977	37834
29131	31224
25309	31441
24413	36841
22524	33831
24345	37816
28659	32436
23472	37650
24992	32234
27272	36400
28839	30518
24231	37948
28630	33950
23629	31832
29350	35613
27714	32681
22145	36073
28934	31302
24122	32401
24221	37223
23646	39243
22765	34839
25144	30840
30130	32025
21587	35308
26138	30198
24476	38455
21669	34397
23692	37805
27984	39023
28494	38397
29250	32585
24019	36416
24143	31252
26374	32913
29495	38119
29545	30963
26118	32565
29974	38367
26780	33861
22146	33470
27998	37712
29696	39623
29016	35688
27867	31929
21430	31342
29589	33637
28550	38737
28698	38914
23462	38451
25146	33846
24552	36923
22742	37984
23012	35672
25790	34695
27110	35859
21735	39514
26251	35783
28811	35759
26889	39365
29582	38713
22882	38419
27529	30933
25941	31480
21148	33648
25833	31896
29219	37310
26942	34293
23276	35806
24133	37868
25950	34403
22363	35637
26803	36585
21084	39034
27134	36200
27524	34528
25070	38909
27546	32823
28968	33834
29631	36049
29216	31483
28477	35711
21785	38130
23164	35479
21079	32936
21666	37284
21389	37337
22644	35464
28983	35020
28868	35612
22299	33818
23474	38462
23903	32827
26418	32465
27456	34629
29773	33539
29796	39417
26167	37535
25127	37496
25521	38351
26903	36561
24252	30500
24676	32029
24001	39104
25553	33126
27003	35939
22454	36192
24626	35853
21475	33982
25997	32634
26599	32299
25235	37661
25972	37238
30108	34438
28373	38396
26912	36141
21869	30350
27265	38536
22531	31616
29715	36748
21416	36248
27705	31886
24958	37458
27073	37208
23448	31105
22207	38076
28860	37536
25158	31041
28523	37216
21515	35382
27208	38888
29529	34827
29888	30815
28154	35097
28749	39183
26614	32733
24497	30390
21399	33518
26937	34800
25544	36025
25348	34909
23254	33345
28466	35720
25006	31674
28318	37294
27216	30676
25595	38053
24448	37040
27744	31792
23667	33618
27218	34746
28411	32932
28580	31281
27495	39068
28514	33037
23857	30993
25301	34560
25078	34918
28666	30472
29542	32432
27384	36732
28586	31538
23151	31212
26457	34606
24912	31925
29971	35702
21340	36430
24673	38980
24424	31409
27741	32407
22801	37489
22813	33452
29957	33939
23557	30625
28287	39479
22044	33027
28275	39618
22893	37136
28903	37937
29649	38826
21556	30359
27472	33032
27738	36877
24816	30682
28152	30730
27027	39510
28198	32911
27978	39440
24422	37052
24615	33165
27314	37059
21690	35304
21482	33472
21546	32272
29561	30974
29464	39275
29141	38558
25284	37419
29143	35355
28912	34812
25274	34617
23051	32935
26290	33882
22448	37768
25646	35506
26715	32741
28991	36574
28166	38194
23132	31950
21489	34082
21707	33214
29960	30950
21241	32006
25328	35681
21064	37362
24742	39000
24183	37654
28357	38760
28674	33874
27319	36008
24159	32496
29712	36800
26502	37411
22139	33053
24219	36043
27399	35021
21062	33972
27918	30812
27463	32908
21418	34564
21303	32127
28829	37815
26405	33925
25326	35921
27018	33096
23713	31866
28942	39081
23569	33627
28255	33370
28946	31203
23707	37757
25715	30586
21218	36991
23111	37168
22763	38526
21017	36626
25392	37779
27905	31606
29496	30816
21793	34399
30142	30501
26048	33623
21053	34070
24739	36291
25204	36545
21288	30250
24442	30221
25899	31490
29638	34724
26440	31320
26659	33019
23417	32632
25270	36182
25666	37158
25017	30346
28900	37365
25217	35515
27411	36935
25394	37904
27303	33984
22915	30809
22750	39138
28423	30289
24056	30347
27449	33645
22444	30708
29554	36985
26077	36296
24654	34468
27169	37288
22111	32151
29223	39442
21855	37998
23565	34365
25307	36863
21784	39547
23505	33108
24523	35432
27316	32903
27387	35940
27443	38107
22771	35839
29366	35129
29563	38562
25886	31851
29733	32770
25112	39354
29727	34458
23477	35954
23043	37102
22582	32899
28507	35447
26248	35778
27499	33703
26168	32331
24489	30886
26186	32649
22628	36136
23867	36122
27889	32398
22257	35514
26010	31920
24754	37351
29749	30470
26229	34415
27568	35488
23967	39117
21662	34351
22123	39379
23927	34914
22686	34174
25848	36834
27093	37781
22324	31412
29422	30354
29197	38309
21701	36606
23522	31863
28101	35529
24983	33294
25911	35997
21141	34559
26643	37058
22781	38338
25054	39445
24414	35166
22187	31148
24386	31123
25407	36705
25188	36364
24179	38026
29536	38643
22307	34011
22584	34766
21998	38314
24550	31232
30012	31062
25751	39640
25921	35175
26876	35092
23199	33443
22640	37780
25462	39089
27556	36190
24375	31238
28534	30320
27022	38242
26613	31235
24332	31129
27588	39497
26024	37568
28173	33749
21308	35768
27649	37203
25552	36256
22156	30988
23197	34245
29564	30902
25035	38585
29418	33421
28235	38889
24618	32470
26436	31815
26847	36940
21512	30316
22841	31695
29889	38678
29405	39260
28038	33649
28029	38971
21139	36671
27634	38003
23300	36125
29059	35218
21296	33520
22602	31548
21097	33284
23767	38554
28314	32844
25658	37956
23292	34228
26688	37235
22610	37015
28817	37179
26029	34359
25057	36108
28575	30508
28375	33694
28125	36048
24283	31277
21302	36565
30081	32764
29739	34004
24590	36833
25478	30445
22549	38662
23727	38677
22732	34480
29907	31101
21323	35957
26779	34331
23386	38828
23207	37101
23619	30524
28140	34601
25513	38509
25914	39492
28738	36959
29770	35018
28307	34421
28359	35643
23744	32540
28884	37165
23847	38293
29083	32161
24918	36443
21317	35049
26335	38624
25692	30268
21799	33858
24418	34036
24856	35337
28361	31837
23156	35120
28134	33550
29730	30177
21210	36910
23963	38193
24506	34384
21932	35180
24326	38566
29355	32164
21383	34244
21092	30183
28251	31069
28364	39303
22562	31167
25707	32698
29388	38724
25844	35755
24235	33491
21967	30788
21358	32317
28932	31550
27285	35943
28974	31857
25643	32708
21158	39449
26213	37801
29959	35566
27746	34655
28405	31894
23846	33617
26181	34949
22296	35342
23303	37973
21110	32241
29065	35589
22677	39028
24207	36269
25913	39557
21896	32550
26434	36203
29337	37497
22693	32045
22401	38548
27049	32692
30077	38474
27178	38208
25300	35944
21103	32654
28214	32307
24034	33159
26773	35406
25711	31546
25929	32351
27864	36478
25764	39052
28028	33656
27454	36884
22704	36386
27517	31382
27154	30664
22858	31145
21259	30441
26104	31611
22964	35026
29432	35196
23871	34164
22186	34049
27226	33952
26406	32293
22496	34508
26994	36874
24086	31876
23562	30702
25272	33477
29116	33855
22493	36484
24837	32682
25239	33073
29754	36169
25560	32185
23616	38087
27635	33690
26673	35091
29314	30167
24913	36114
21198	30459
22817	38034
26481	38125
22433	35550
26369	31422
26242	38043
28398	34172
22809	33361
24655	33277
24849	36815
28261	34215
23108	33425
24025	38515
25779	33143
24215	35326
23396	38774
24930	35666
24189	32099
22652	33118
28097	33880
26950	31090
29946	36289
29958	36642
24328	38823
25073	34083
26166	35596
26196	35448
24536	33070
21280	35270
26005	31074
24055	37867
27498	38481
23559	34851
24444	32643
29420	39308
25847	32322
22525	32316
24555	34237
27310	36059
27603	38617
24599	33570
29639	31768
21002	38383
23118	34187
21500	34607
22776	32171
27872	34086
27666	31327
22133	37447
24906	32396
21539	39101
28133	33207
25966	31411
22595	35151
21015	30683
25895	30505
25996	37139
23235	35233
25811	39055
25148	34937
22318	36609
27361	36741
23851	35742
21128	33336
28877	36184
26075	32047
28776	33134
22463	34405
23134	37952
23502	35497
27185	36904
24376	33687
28646	33511
22342	30496
28329	36158
27117	36014
21755	38116
22870	32147
29456	35952
29213	34697
29315	32249
27719	30536
22183	39430
30008	31360
23887	38251
28963	30590
21085	36140
23485	36868
27455	37117
22902	39162
27628	38756
28458	32736
28957	35700
27458	32250
26452	30443
26219	33799
23455	39605
25341	31624
22377	36320
21883	39392
25176	33456
25724	30929
29326	37357
26787	30494
22222	32257
29285	37217
25047	31300
28372	37667
26609	31213
23703	35343
29379	36848
30027	31413
22950	39236
26521	33482
24378	35364
28180	31670
22198	37550
23613	38055
29685	33691
21326	32492
23919	35998
24671	36820
29062	35602
28203	36085
22481	31042
26402	30688
25748	37775
21295	32441
23497	35591
24967	37047
22490	36109
24774	33986
24469	33403
25220	32484
26607	39494
21873	33169
27587	34924
26419	36066
28840	31017
25208	37817
24361	35379
24299	36990
22388	37150
21601	32665
30030	31445
24458	37335
23041	37457
21659	33280
24568	37791
24030	33016
28599	30257
21692	31022
25087	36638
26443	33483
25859	39532
21047	36195
25995	38943
28685	35827
30017	30980
23553	32363
25793	39639
25496	31505
24303	30491
28391	35502
30028	30955
22414	37431
27670	30986
25726	39624
21331	37145
29233	32301
22589	31428
24029	31206
23078	39079
22001	35480
21577	31685
27258	37634
27512	34476
29702	34041
22921	31170
23278	30640
27975	32051
27245	35089
24245	34826
21264	35348
25932	37270
24174	35831
26276	32010
24994	32852
26941	36596
22073	37793
27457	34642
24988	35661
26636	31947
27622	38218
23296	37243
28859	31720
27673	34818
25738	36972
21281	34214
28683	37580
24957	39083
25094	38144
26594	39127
22663	32636
22214	39137
27936	35999
27187	37747
28694	32003
21034	30370
27567	35322
21038	37880
27032	37002
28193	35332
27332	30776
21514	35295
28196	38716
27754	35670
23367	33672
26650	37585
27520	32230
21536	33943
22248	33148
29089	33358
25178	31039
22473	30185
22456	31332
26878	33438
23602	36568
22535	35198
24850	35594
24220	36318
24585	37369
25824	35924
24289	36394
28234	38133
30098	35656
26126	36527
24826	30795
26507	35687
28299	34298
27799	30465
29149	30729
22614	34975
21555	33332
29122	33796
22179	38567
23014	31387
26222	34121
23082	36508
28402	35988
29095	37246
24168	36188
21781	33926
22834	35501
23306	32639
27941	32306
25797	32294
25586	36674
21112	34363
26183	34758
24814	31716
24363	33364
27409	35841
29207	37264
28237	30635
24110	39588
21042	37929
27089	35305
28001	32334
23655	32873
22215	35788
24125	33913
28948	34227
27969	31037
28120	32032
21612	33400
23536	38759
23511	31600
24613	33731
26053	37039
21269	37326
26902	37725
23326	30999
22612	33215
26735	34029
22668	30862
29518	34989
24525	37292
21917	38226
25063	39086
26368	35538
29774	35240
29321	35078
29965	35936
26300	35267
25162	36664
28040	32938
26466	38616
28741	33724
22844	34218
24755	30880
26235	31454
23537	35813
21348	30920
23817	39517
23458	39463
23913	30305
21010	30215
22365	36765
22052	38191
29691	39451
29777	36398
25702	30306
29241	35820
26205	38493
25046	39069
28224	37955
21442	35625
28858	36816
28019	31468
23166	38937
24709	33776
27377	37944
27305	31820
24306	31779
29225	34108
28587	38334
26593	37151
26336	34347
23416	30848
28076	34948
27260	39537
23415	30647
24031	32188
22891	31070
27748	36914
23363	35068
26114	34816
24631	37482
25734	34906
28286	35090
29669	33230
27930	35394
28590	34978
25458	33133
29707	39327
26946	35721
21589	34450
21626	38448
25179	31112
24244	33828
25714	31926
21867	34437
22879	33953
26230	36562
23966	34355
24482	37980
27852	38349
22573	37856
24681	32784
21655	35135
25589	34749
26686	32291
21349	38469
26485	39076
22506	33058
26788	38381
28598	36507
27801	31518
21109	33930
26775	33240
22981	31013
22327	31419
23072	39102
28267	34961
22029	35730
27306	35225
26097	34810
29033	34192
23270	35834
23504	32653
22358	31110
26695	31134
22906	31905
28566	31506
22831	37111
29980	36604
28567	30548
25350	39233
23882	39074
21676	32790
21625	33921
21657	37295
25493	36494
25866	31157
23101	36944
29927	31399
22086	35899
24290	35400
24564	31169
26162	34326
26825	39370
24088	39021
29864	37099
25916	31661
25386	33782
28089	34768
29198	30775
26771	36091
30000	36115
21168	37963
21567	38532
29172	32517
27961	31870
28266	35039
25519	32166
26042	36817
22725	35465
25922	35463
27056	37572
30066	34968
23174	36558
22728	38210
29825	31635
25268	31657
29309	38225
25425	33919
22403	36804
25990	35122
21595	38618
24580	35127
27982	39019
25778	36510
22687	31350
28272	38432
23275	38935
22940	33958
22091	31314
29258	31500
21544	38941
27023	35057
23327	36984
23560	37653
29705	32111
27215	39470
22311	36500
26073	31150
21045	35100
24650	38384
22690	36343
24921	32546
25009	38755
25027	39405
22387	30665
27846	34169
26716	37709
28219	38731
22126	30415
25262	38925
28874	39534
21968	34982
26962	35034
21578	30925
30158	34658
